I260911 08:30:52.109449 1 workload/cli/run.go:702  [-] 1  random seed: 42
I260911 08:30:52.109558 1 workload/cli/run.go:487  [-] 2  creating load generator...
I260911 08:30:54.169018 1 workload/cli/run.go:536  [-] 3  creating load generator... done (took 2.059457766s)
_elapsed___errors__ops/sec(inst)___ops/sec(cum)__p50(ms)__p95(ms)__p99(ms)_pMax(ms)
    1.0s        0         1008.1         3084.8      1.6      7.3     75.5     96.5 read
    1.0s        0          213.7          654.0     83.9    369.1    369.1    385.9 update
    2.0s        0         4522.6         3803.2      1.2      2.6      4.2     19.9 read
    2.0s        0         1164.2          908.9     75.5     79.7     83.9     83.9 update
    3.0s        0         4229.0         3945.2      1.6      6.6      9.4     13.1 read
    3.0s        0         1125.2          981.1     79.7    151.0    159.4    167.8 update
    4.0s        0         5083.1         4229.6      1.2      2.1      2.8      6.8 read
    4.0s        0         1237.8         1045.2     75.5     92.3     96.5     96.5 update
    5.0s        0         4175.9         4218.9      1.2      2.6      4.1      6.0 read
    5.0s        0         1051.0         1046.4     75.5    209.7    209.7    218.1 update
    6.0s        0         4762.9         4309.4      1.1      2.2      3.1      5.2 read
    6.0s        0         1232.2         1077.3     75.5     92.3    109.1    209.7 update
    7.0s        0         5177.4         4433.4      1.1      2.0      2.6      6.0 read
    7.0s        0         1236.9         1100.1     75.5     88.1     92.3     92.3 update
    8.0s        0         4551.0         4448.2      1.2      3.3      5.8      9.4 read
    8.0s        0         1159.0         1107.5     75.5    121.6    159.4    167.8 update
    9.0s        0         4603.1         4465.3      1.2      2.0      2.5      4.1 read
    9.0s        0         1221.0         1120.1     75.5    100.7    104.9    104.9 update
   10.0s        0         4694.6         4488.3      1.2      2.2      3.1      5.2 read
   10.0s        0         1180.2         1126.1     75.5     96.5    100.7    104.9 update
_elapsed___errors__ops/sec(inst)___ops/sec(cum)__p50(ms)__p95(ms)__p99(ms)_pMax(ms)
   11.0s        0         4467.9         4486.5      1.2      3.7      6.0     10.0 read
   11.0s        0         1166.8         1129.8     75.5    125.8    167.8    176.2 update
   12.0s        0         4791.8         4511.9      1.2      3.1      4.5      6.8 read
   12.0s        0         1171.0         1133.2     75.5    100.7    125.8    134.2 update
   13.0s        0         4907.5         4542.3      1.2      2.9      5.2     10.5 read
   13.0s        0         1197.6         1138.2     75.5    104.9    121.6    130.0 update
   14.0s        0         4895.7         4567.5      1.1      2.0      2.6      9.4 read
   14.0s        0         1208.9         1143.2     75.5     92.3    100.7    104.9 update
   15.0s        0         4896.5         4589.5      1.2      3.3      6.3      8.4 read
   15.0s        0         1223.4         1148.6     75.5     96.5    125.8    130.0 update
   16.0s        0         4398.9         4577.6      1.1      3.4      7.6     13.1 read
   16.0s        0         1095.2         1145.2     75.5    134.2    167.8    167.8 update
   17.0s        0         4557.3         4576.4      1.2      2.9      4.7      8.9 read
   17.0s        0         1156.1         1145.9     75.5    201.3    209.7    209.7 update
   18.0s        0         4467.5         4570.3      1.2      3.9      5.8     10.5 read
   18.0s        0         1153.9         1146.3     75.5    130.0    167.8    176.2 update
   19.0s        0         4563.2         4570.0      1.1      3.4      4.7      6.6 read
   19.0s        0         1185.0         1148.4     75.5    130.0    167.8    176.2 update
   20.0s        0         4953.0         4589.1      1.2      3.1      6.8     10.0 read
   20.0s        0         1180.0         1149.9     75.5    134.2    167.8    176.2 update
_elapsed___errors__ops/sec(inst)___ops/sec(cum)__p50(ms)__p95(ms)__p99(ms)_pMax(ms)
   21.0s        0         5166.8         4616.6      1.2      2.2      2.8      7.1 read
   21.0s        0         1267.2         1155.5     75.5     79.7     83.9     83.9 update
   22.0s        0         4623.1         4616.9      1.1      3.0      8.1     10.5 read
   22.0s        0         1182.8         1156.8     75.5    130.0    167.8    176.2 update
   23.0s        0         4796.2         4624.7      1.1      3.1      7.3     13.6 read
   23.0s        0         1179.1         1157.7     75.5    134.2    167.8    184.5 update
   24.0s        0         5105.7         4644.7      1.0      2.0      2.5      3.7 read
   24.0s        0         1281.9         1162.9     75.5     75.5     75.5     83.9 update
   25.0s        0         4418.7         4635.7      1.2      3.5      6.0      9.4 read
   25.0s        0         1175.9         1163.4     75.5    134.2    167.8    176.2 update
   26.0s        0         4624.0         4635.3      1.2      3.5      5.8     10.0 read
   26.0s        0         1177.2         1164.0     75.5    134.2    176.2    176.2 update
   27.0s        0         4831.2         4642.5      1.0      3.1      8.1     11.5 read
   27.0s        0         1173.8         1164.3     75.5    142.6    167.8    176.2 update
   28.0s        0         4978.2         4654.5      1.2      2.4      3.0      7.6 read
   28.0s        0         1302.5         1169.3     75.5     75.5     79.7     83.9 update
   29.0s        0         4574.7         4651.8      1.2      3.5      5.2      8.9 read
   29.0s        0         1174.2         1169.4     75.5    125.8    167.8    176.2 update
   30.0s        0         4415.6         4643.9      1.2      3.9      6.6     11.0 read
   30.0s        0         1170.4         1169.5     75.5    142.6    176.2    176.2 update
_elapsed___errors__ops/sec(inst)___ops/sec(cum)__p50(ms)__p95(ms)__p99(ms)_pMax(ms)
   31.0s        0         5060.6         4657.3      1.2      2.1      3.0      5.8 read
   31.0s        0         1291.1         1173.4     75.5     75.5     79.7     83.9 update
   32.0s        0         4672.5         4657.8      1.3      3.9      6.0      7.9 read
   32.0s        0         1158.9         1172.9     75.5    134.2    176.2    184.5 update
   33.0s        0         4514.7         4653.5      1.2      3.4      6.3     12.1 read
   33.0s        0         1197.9         1173.7     75.5    125.8    167.8    167.8 update
   34.0s        0         4795.4         4657.6      1.2      3.4      9.4     13.1 read
   34.0s        0         1195.8         1174.3     75.5    130.0    167.8    176.2 update
   35.0s        0         4783.4         4661.2      1.2      2.8      3.8     10.5 read
   35.0s        0         1146.4         1173.5     75.5     79.7     79.7     83.9 update
   36.0s        0         5024.1         4671.3      1.2      3.7      5.8     10.0 read
   36.0s        0         1275.8         1176.4     75.5    142.6    167.8    176.2 update
   37.0s        0         4814.7         4675.2      1.3      3.9      5.8      7.9 read
   37.0s        0         1158.2         1175.9     75.5    142.6    176.2    184.5 update
   38.0s        0         4652.6         4674.6      1.2      3.7      6.3     11.5 read
   38.0s        0         1176.9         1175.9     75.5    130.0    176.2    184.5 update
   39.0s        0         4758.1         4676.7      1.2      3.5      9.4     12.1 read
   39.0s        0         1166.0         1175.7     75.5    142.6    167.8    176.2 update
   40.0s        0         4180.4         4664.3      1.4      5.5     12.1     14.7 read
   40.0s        0         1015.4         1171.7     75.5    151.0    167.8    176.2 update
_elapsed___errors__ops/sec(inst)___ops/sec(cum)__p50(ms)__p95(ms)__p99(ms)_pMax(ms)
   41.0s        0         4521.1         4660.8      1.1      2.1      3.0     11.0 read
   41.0s        0         1161.5         1171.4     75.5     79.7     83.9     83.9 update
   42.0s        0         4990.7         4668.7      1.2      3.5      5.5      8.9 read
   42.0s        0         1288.7         1174.2     75.5    130.0    167.8    184.5 update
   43.0s        0         4688.2         4669.1      1.2      3.7      6.3     10.0 read
   43.0s        0         1188.6         1174.5     75.5    125.8    167.8    176.2 update
   44.0s        0         4579.8         4667.1      1.2      3.3      6.6      9.4 read
   44.0s        0         1167.7         1174.4     75.5    142.6    176.2    184.5 update
   45.0s        0         4491.2         4663.2      1.2      4.1      6.6     12.6 read
   45.0s        0         1164.0         1174.2     75.5    134.2    167.8    184.5 update
   46.0s        0         4662.4         4663.2      1.2      3.8      5.5      7.1 read
   46.0s        0         1165.1         1174.0     75.5    134.2    176.2    184.5 update
   47.0s        0         4758.2         4665.2      1.2      3.8      6.8     10.5 read
   47.0s        0         1155.0         1173.6     75.5    142.6    176.2    192.9 update
   48.0s        0         4245.9         4656.5      1.2      4.5      7.3      9.4 read
   48.0s        0         1096.0         1171.9     75.5    130.0    167.8    176.2 update
   49.0s        0         3949.5         4642.0      2.0      6.3      8.1     11.0 read
   49.0s        0          974.9         1167.9     88.1    167.8    167.8    176.2 update
   50.0s        0         4419.0         4637.6      1.4      4.1      5.8      8.4 read
   50.0s        0         1152.0         1167.6     75.5    113.2    142.6    159.4 update
_elapsed___errors__ops/sec(inst)___ops/sec(cum)__p50(ms)__p95(ms)__p99(ms)_pMax(ms)
   51.0s        0         4691.6         4638.6      1.3      3.9      7.3     10.0 read
   51.0s        0         1110.1         1166.5     75.5    142.6    159.4    176.2 update
   52.0s        0         4284.7         4631.8      1.4      4.7      7.1     10.0 read
   52.0s        0         1188.6         1166.9     79.7    109.1    151.0    167.8 update
   53.0s        0         4620.4         4631.6      1.6      4.5      7.1     12.1 read
   53.0s        0         1074.3         1165.1     75.5    134.2    176.2    176.2 update
   54.0s        0         3920.3         4618.4      1.6      6.3      8.9     12.6 read
   54.0s        0          959.8         1161.3     79.7    176.2    201.3    201.3 update
   55.0s        0         4748.9         4620.9      1.2      3.9      6.8     11.0 read
   55.0s        0         1141.5         1161.0     75.5    121.6    159.4    167.8 update
   56.0s        0         4696.6         4622.2      1.3      4.1      6.0      8.9 read
   56.0s        0         1125.9         1160.4     75.5    134.2    176.2    184.5 update
   57.0s        0         4640.3         4622.5      1.4      3.5      7.3     10.5 read
   57.0s        0         1158.8         1160.3     75.5    142.6    167.8    176.2 update
   58.0s        0         4444.9         4619.4      1.4      2.9      3.8      6.0 read
   58.0s        0         1118.0         1159.6     75.5    159.4    184.5    201.3 update
   59.0s        0         3921.9         4607.6      1.5      5.2      7.9     12.6 read
   59.0s        0         1015.5         1157.2     79.7    159.4    176.2    176.2 update
   60.0s        0         4801.3         4610.8      1.5      3.4     10.0     13.6 read
   60.0s        0         1158.3         1157.2     75.5    104.9    159.4    159.4 update
_elapsed___errors__ops/sec(inst)___ops/sec(cum)__p50(ms)__p95(ms)__p99(ms)_pMax(ms)
   61.0s        0         4535.3         4609.6      1.4      3.8      6.6      8.9 read
   61.0s        0         1133.3         1156.8     75.5    134.2    176.2    176.2 update
   62.0s        0         4459.7         4607.2      1.4      4.2      5.5      8.1 read
   62.0s        0         1097.4         1155.8     75.5    130.0    176.2    176.2 update
   63.0s        0         3981.1         4597.2      1.4      5.5      7.9     10.5 read
   63.0s        0         1082.6         1154.7     79.7    159.4    176.2    184.5 update
   64.0s        0         4014.1         4588.1      1.8      7.1     10.0     13.1 read
   64.0s        0          926.8         1151.1     79.7    201.3    226.5    234.9 update
   65.0s        0         4206.0         4582.2      1.8      6.0      9.4     15.7 read
   65.0s        0         1084.0         1150.1     79.7    125.8    151.0    159.4 update
E260911 08:32:00.068676 1 workload/cli/run.go:624  [-] 4  FATAL: server conn crashed? (SQLSTATE 08P01)
   66.0s        1         2791.4         4555.1      1.6      6.6     11.5     17.8 read
   66.0s        1          695.1         1143.2     79.7     88.1     88.1     96.5 update
   67.0s      100            0.0         4487.1      0.0      0.0      0.0      0.0 read
   67.0s      100            0.0         1126.1      0.0      0.0      0.0      0.0 update
   68.0s      100            0.0         4421.1      0.0      0.0      0.0      0.0 read
   68.0s      100            0.0         1109.5      0.0      0.0      0.0      0.0 update
   69.0s      100            0.0         4357.0      0.0      0.0      0.0      0.0 read
   69.0s      100            0.0         1093.5      0.0      0.0      0.0      0.0 update
   70.0s      100            0.0         4294.8      0.0      0.0      0.0      0.0 read
   70.0s      100            0.0         1077.9      0.0      0.0      0.0      0.0 update
_elapsed___errors__ops/sec(inst)___ops/sec(cum)__p50(ms)__p95(ms)__p99(ms)_pMax(ms)
   71.0s      100            0.0         4234.3      0.0      0.0      0.0      0.0 read
   71.0s      100            0.0         1062.7      0.0      0.0      0.0      0.0 update
   72.0s      100            0.0         4175.5      0.0      0.0      0.0      0.0 read
   72.0s      100            0.0         1047.9      0.0      0.0      0.0      0.0 update
   73.0s      100            0.0         4118.3      0.0      0.0      0.0      0.0 read
   73.0s      100            0.0         1033.5      0.0      0.0      0.0      0.0 update
   74.0s      100            0.0         4062.6      0.0      0.0      0.0      0.0 read
   74.0s      100            0.0         1019.6      0.0      0.0      0.0      0.0 update
   75.0s      100            0.0         4008.5      0.0      0.0      0.0      0.0 read
   75.0s      100            0.0         1006.0      0.0      0.0      0.0      0.0 update
   76.0s      100            0.0         3955.7      0.0      0.0      0.0      0.0 read
   76.0s      100            0.0          992.8      0.0      0.0      0.0      0.0 update
   77.0s      100            0.0         3904.3      0.0      0.0      0.0      0.0 read
   77.0s      100            0.0          979.9      0.0      0.0      0.0      0.0 update
   78.0s      100            0.0         3854.3      0.0      0.0      0.0      0.0 read
   78.0s      100            0.0          967.3      0.0      0.0      0.0      0.0 update
   79.0s      100            0.0         3805.5      0.0      0.0      0.0      0.0 read
   79.0s      100            0.0          955.1      0.0      0.0      0.0      0.0 update
   80.0s      100            0.0         3757.9      0.0      0.0      0.0      0.0 read
   80.0s      100            0.0          943.1      0.0      0.0      0.0      0.0 update
_elapsed___errors__ops/sec(inst)___ops/sec(cum)__p50(ms)__p95(ms)__p99(ms)_pMax(ms)
   81.0s      100            0.0         3711.5      0.0      0.0      0.0      0.0 read
   81.0s      100            0.0          931.5      0.0      0.0      0.0      0.0 update
   82.0s      100            0.0         3666.3      0.0      0.0      0.0      0.0 read
   82.0s      100            0.0          920.1      0.0      0.0      0.0      0.0 update
   83.0s      100            0.0         3622.1      0.0      0.0      0.0      0.0 read
   83.0s      100            0.0          909.0      0.0      0.0      0.0      0.0 update
   84.0s      100            0.0         3579.0      0.0      0.0      0.0      0.0 read
   84.0s      100            0.0          898.2      0.0      0.0      0.0      0.0 update
   85.0s      100            0.0         3536.9      0.0      0.0      0.0      0.0 read
   85.0s      100            0.0          887.6      0.0      0.0      0.0      0.0 update
   86.0s      100            0.0         3495.8      0.0      0.0      0.0      0.0 read
   86.0s      100            0.0          877.3      0.0      0.0      0.0      0.0 update
   87.0s      100            0.0         3455.6      0.0      0.0      0.0      0.0 read
   87.0s      100            0.0          867.2      0.0      0.0      0.0      0.0 update
   88.0s      100            0.0         3416.3      0.0      0.0      0.0      0.0 read
   88.0s      100            0.0          857.4      0.0      0.0      0.0      0.0 update
   89.0s      100            0.0         3377.9      0.0      0.0      0.0      0.0 read
   89.0s      100            0.0          847.7      0.0      0.0      0.0      0.0 update
   90.0s      100            0.0         3340.4      0.0      0.0      0.0      0.0 read
   90.0s      100            0.0          838.3      0.0      0.0      0.0      0.0 update
_elapsed___errors__ops/sec(inst)___ops/sec(cum)__p50(ms)__p95(ms)__p99(ms)_pMax(ms)
   91.0s      100            0.0         3303.7      0.0      0.0      0.0      0.0 read
   91.0s      100            0.0          829.1      0.0      0.0      0.0      0.0 update
   92.0s      100            0.0         3267.8      0.0      0.0      0.0      0.0 read
   92.0s      100            0.0          820.1      0.0      0.0      0.0      0.0 update
   93.0s      100            0.0         3232.6      0.0      0.0      0.0      0.0 read
   93.0s      100            0.0          811.3      0.0      0.0      0.0      0.0 update
   94.0s      100            0.0         3198.2      0.0      0.0      0.0      0.0 read
   94.0s      100            0.0          802.7      0.0      0.0      0.0      0.0 update
   95.0s      100            0.0         3164.6      0.0      0.0      0.0      0.0 read
   95.0s      100            0.0          794.2      0.0      0.0      0.0      0.0 update
   96.0s      100            0.0         3131.6      0.0      0.0      0.0      0.0 read
   96.0s      100            0.0          785.9      0.0      0.0      0.0      0.0 update
   97.0s      100            0.0         3099.3      0.0      0.0      0.0      0.0 read
   97.0s      100            0.0          777.8      0.0      0.0      0.0      0.0 update
   98.0s      100          113.0         3068.9     25.2     26.2     27.3     41.9 read
   98.0s      100           34.0          770.2    100.7    100.7    104.9    104.9 update
   99.0s      100          391.1         3041.8     25.2     26.2     27.3     28.3 read
   99.0s      100           98.0          763.5    100.7    100.7    100.7    104.9 update
  100.0s      100          674.1         3018.1     25.2     27.3     29.4     83.9 read
  100.0s      100          159.0          757.4    100.7    100.7    104.9    134.2 update
_elapsed___errors__ops/sec(inst)___ops/sec(cum)__p50(ms)__p95(ms)__p99(ms)_pMax(ms)
  101.0s      100          927.1         2997.5     25.2     27.3     32.5     92.3 read
  101.0s      100          221.0          752.1    100.7    109.1    142.6    142.6 update
  102.0s      100         1217.8         2980.0     25.2     27.3     29.4     60.8 read
  102.0s      100          287.0          747.5    100.7    100.7    104.9    125.8 update
  103.0s      100          911.9         2959.9     25.2     29.4     33.6     39.8 read
  103.0s      100          217.0          742.4    209.7    243.3    268.4    268.4 update
  104.0s      100         1044.7         2941.5     25.2     27.3     35.7     41.9 read
  104.0s      100          267.9          737.8    218.1    234.9    243.3    243.3 update
  105.0s      100         1198.7         2924.9     25.2     27.3     29.4     31.5 read
  105.0s      100          302.2          733.7    218.1    243.3    251.7    268.4 update
  106.0s      100         1271.1         2909.3     25.2     26.2     27.3     30.4 read
  106.0s      100          328.0          729.8    218.1    234.9    243.3    243.3 update
  107.0s      100         1207.7         2893.4     25.2     26.2     30.4    100.7 read
  107.0s      100          325.9          726.1    218.1    234.9    243.3    302.0 update
  108.0s      100         1283.2         2878.5     25.2     26.2     27.3     31.5 read
  108.0s      100          312.8          722.2    218.1    226.5    243.3    243.3 update
  109.0s      100         1282.7         2863.8     25.2     27.3     44.0     65.0 read
  109.0s      100          312.2          718.5    218.1    243.3    251.7    260.0 update
  110.0s      100         1267.9         2849.3     25.2     26.2     27.3     29.4 read
  110.0s      100          333.0          715.0    209.7    226.5    234.9    243.3 update
_elapsed___errors__ops/sec(inst)___ops/sec(cum)__p50(ms)__p95(ms)__p99(ms)_pMax(ms)
  111.0s      100         1274.7         2835.2     25.2     26.2     27.3     30.4 read
  111.0s      100          318.2          711.4    209.7    234.9    243.3    243.3 update
  112.0s      100         1171.0         2820.3     25.2     26.2     27.3     28.3 read
  112.0s      100          340.7          708.1    209.7    218.1    234.9    243.3 update
  113.0s      100         1211.1         2806.1     25.2     26.2     27.3     28.3 read
  113.0s      100          330.0          704.7    209.7    226.5    234.9    234.9 update
  114.0s      100         1397.9         2793.7     25.2     26.2     26.2     30.4 read
  114.0s      100          315.0          701.3    209.7    218.1    226.5    234.9 update
  115.0s      100         1283.4         2780.6     25.2     26.2     27.3     32.5 read
  115.0s      100          330.1          698.1    209.7    218.1    226.5    226.5 update
  116.0s      100         1273.6         2767.6     25.2     26.2     26.2     31.5 read
  116.0s      100          326.2          694.9    209.7    226.5    243.3    243.3 update
  117.0s      100         1252.6         2754.6     25.2     26.2     26.2     29.4 read
  117.0s      100          326.9          691.7    209.7    226.5    234.9    234.9 update
  118.0s      100         1292.9         2742.2     25.2     27.3     32.5     41.9 read
  118.0s      100          320.0          688.6    218.1    226.5    234.9    234.9 update
  119.0s      100         1329.4         2730.4     25.2     26.2     26.2     28.3 read
  119.0s      100          316.1          685.5    209.7    226.5    234.9    243.3 update
  120.0s      100         1239.0         2717.9     25.2     26.2     28.3     31.5 read
  120.0s      100          328.0          682.5    209.7    226.5    234.9    243.3 update
_elapsed___errors__ops/sec(inst)___ops/sec(cum)__p50(ms)__p95(ms)__p99(ms)_pMax(ms)
  121.0s      100         1357.7         2706.7     25.2     26.2     28.3     29.4 read
  121.0s      100          301.9          679.3    209.7    285.2    318.8    335.5 update
  122.0s      100         1317.7         2695.3     25.2     26.2     26.2     27.3 read
  122.0s      100          322.9          676.4    209.7    218.1    226.5    226.5 update
  123.0s      100         1244.7         2683.5     25.2     26.2     33.6     35.7 read
  123.0s      100          307.9          673.4    209.7    335.5    369.1    385.9 update
  124.0s      100         1192.7         2671.5     25.2     26.2     35.7     48.2 read
  124.0s      100          330.2          670.7    209.7    226.5    234.9    234.9 update
  125.0s      100         1176.5         2659.5     25.2     26.2     26.2     29.4 read
  125.0s      100          338.9          668.0    209.7    218.1    226.5    234.9 update
  126.0s      100         1189.9         2647.9     25.2     27.3     32.5     33.6 read
  126.0s      100          304.0          665.1    218.1    335.5    385.9    385.9 update
  127.0s      100         1262.3         2637.0     25.2     26.2     27.3     32.5 read
  127.0s      100          326.1          662.4    209.7    226.5    243.3    243.3 update
  128.0s      100         1168.4         2625.5     25.2     28.3     31.5     31.5 read
  128.0s      100          306.1          659.7    218.1    318.8    369.1    369.1 update
  129.0s      100         1330.8         2615.5     25.2     26.2     26.2     28.3 read
  129.0s      100          323.0          657.1    209.7    226.5    243.3    243.3 update
  130.0s      100         1148.4         2604.2     25.2     27.3     29.4     31.5 read
  130.0s      100          316.8          654.4    218.1    352.3    385.9    385.9 update
_elapsed___errors__ops/sec(inst)___ops/sec(cum)__p50(ms)__p95(ms)__p99(ms)_pMax(ms)
  131.0s      100         1194.3         2593.4     25.2     26.2     27.3     30.4 read
  131.0s      100          325.1          651.9    209.7    226.5    234.9    251.7 update
  132.0s      100         1306.6         2583.7     25.2     26.2     27.3     28.3 read
  132.0s      100          319.1          649.4    209.7    234.9    251.7    251.7 update
  133.0s      100         1140.0         2572.8     26.2     30.4     32.5     35.7 read
  133.0s      100          313.0          646.9    218.1    318.8    352.3    352.3 update
  134.0s      100         1171.3         2562.3     25.2     28.3     30.4     35.7 read
  134.0s      100          337.8          644.6    218.1    218.1    226.5    226.5 update
  135.0s      100         1323.8         2553.2     25.2     27.3     28.3     33.6 read
  135.0s      100          306.2          642.1    218.1    268.4    318.8    318.8 update
  136.0s      100         1306.8         2544.0     25.2     26.2     27.3     31.5 read
  136.0s      100          319.7          639.7    209.7    218.1    226.5    226.5 update
  137.0s      100         1319.6         2535.1     25.2     26.2     32.5     32.5 read
  137.0s      100          320.2          637.4    209.7    268.4    302.0    302.0 update
  138.0s      100         1252.2         2525.8     25.2     26.2     27.3     28.3 read
  138.0s      100          328.1          635.1    209.7    218.1    226.5    226.5 update
  139.0s      100         1257.1         2516.6     25.2     26.2     35.7     46.1 read
  139.0s      100          321.0          632.9    209.7    218.1    226.5    226.5 update
  140.0s      100         1145.0         2506.9     25.2     26.2     30.4     32.5 read
  140.0s      100          327.0          630.7    209.7    302.0    335.5    352.3 update
_elapsed___errors__ops/sec(inst)___ops/sec(cum)__p50(ms)__p95(ms)__p99(ms)_pMax(ms)
  141.0s      100         1329.0         2498.5     25.2     26.2     26.2     32.5 read
  141.0s      100          331.0          628.5    209.7    218.1    226.5    226.5 update
  142.0s      100         1268.2         2489.8     25.2     26.2     29.4     30.4 read
  142.0s      100          301.0          626.2    209.7    285.2    352.3    352.3 update
  143.0s      100         1292.0         2481.5     25.2     26.2     27.3     30.4 read
  143.0s      100          337.0          624.2    209.7    218.1    226.5    226.5 update
  144.0s      100         1273.7         2473.1     25.2     26.2     27.3     29.4 read
  144.0s      100          327.9          622.2    209.7    218.1    234.9    234.9 update
  145.0s      100         1179.7         2464.1     25.2     26.2     28.3     28.3 read
  145.0s      100          323.9          620.1    209.7    260.0    318.8    318.8 update
  146.0s      100         1292.7         2456.1     25.2     26.2     26.2     29.4 read
  146.0s      100          324.2          618.1    209.7    218.1    218.1    226.5 update
  147.0s      100         1243.7         2447.9     25.2     26.2     31.5     32.5 read
  147.0s      100          297.9          615.9    209.7    352.3    369.1    385.9 update
  148.0s      100         1322.2         2440.3     25.2     26.2     26.2     30.4 read
  148.0s      100          327.1          613.9    209.7    218.1    226.5    234.9 update
  149.0s      100         1224.5         2432.1     25.2     26.2     29.4     39.8 read
  149.0s      100          317.9          612.0    209.7    218.1    226.5    226.5 update
  150.0s      100         1283.0         2424.5     25.2     28.3     29.4     30.4 read
  150.0s      100          319.0          610.0    209.7    335.5    369.1    385.9 update
_elapsed___errors__ops/sec(inst)___ops/sec(cum)__p50(ms)__p95(ms)__p99(ms)_pMax(ms)
  151.0s      100         1283.0         2416.9     25.2     26.2     26.2     27.3 read
  151.0s      100          318.0          608.1    209.7    218.1    226.5    226.5 update
  152.0s      100         1294.4         2409.5     25.2     27.3     29.4     30.4 read
  152.0s      100          313.1          606.1    209.7    318.8    352.3    352.3 update
  153.0s      100         1255.2         2402.0     25.2     26.2     27.3     37.7 read
  153.0s      100          326.8          604.3    209.7    218.1    218.1    226.5 update
  154.0s      100         1260.6         2394.6     25.2     26.2     26.2     29.4 read
  154.0s      100          333.2          602.5    209.7    218.1    218.1    226.5 update
  155.0s      100         1198.9         2386.8     25.2     27.3     30.4     39.8 read
  155.0s      100          310.0          600.7    209.7    335.5    369.1    385.9 update
  156.0s      100         1282.3         2379.8     25.2     26.2     26.2     29.4 read
  156.0s      100          331.8          598.9    209.7    218.1    218.1    218.1 update
  157.0s      100         1314.0         2373.0     25.2     26.2     29.4     30.4 read
  157.0s      100          308.2          597.1    209.7    302.0    335.5    352.3 update
  158.0s      100         1354.8         2366.5     25.2     26.2     27.3     29.4 read
  158.0s      100          312.9          595.3    209.7    218.1    226.5    234.9 update
  159.0s      100         1336.2         2360.0     25.2     26.2     33.6     39.8 read
  159.0s      100          327.0          593.6    209.7    218.1    218.1    218.1 update
  160.0s      100         1253.4         2353.1     25.2     26.2     28.3     32.5 read
  160.0s      100          310.9          591.8    209.7    285.2    335.5    352.3 update
_elapsed___errors__ops/sec(inst)___ops/sec(cum)__p50(ms)__p95(ms)__p99(ms)_pMax(ms)
  161.0s      100         1196.8         2345.9     25.2     26.2     26.2     29.4 read
  161.0s      100          334.9          590.2    209.7    218.1    226.5    226.5 update
  162.0s      100         1186.5         2338.8     25.2     27.3     32.5     44.0 read
  162.0s      100          301.1          588.4    209.7    369.1    402.7    402.7 update
  163.0s      100         1349.0         2332.7     25.2     26.2     27.3     30.4 read
  163.0s      100          326.0          586.8    209.7    218.1    226.5    226.5 update
  164.0s      100         1330.7         2326.6     25.2     26.2     27.3     30.4 read
  164.0s      100          322.9          585.2    209.7    218.1    234.9    234.9 update
  165.0s      100         1268.3         2320.2     25.2     30.4     35.7     37.7 read
  165.0s      100          299.1          583.5    209.7    352.3    402.7    419.4 update
  166.0s      100         1330.8         2314.2     25.2     26.2     26.2     28.3 read
  166.0s      100          329.0          582.0    209.7    218.1    218.1    218.1 update
  167.0s      100         1296.0         2308.1     25.2     26.2     29.4     32.5 read
  167.0s      100          275.0          580.1    209.7    218.1    218.1    218.1 update
  168.0s      100         1259.1         2301.9     25.2     27.3     30.4     31.5 read
  168.0s      100          348.0          578.7    209.7    318.8    385.9    385.9 update
  169.0s      100         1293.2         2295.9     25.2     26.2     26.2     30.4 read
  169.0s      100          331.8          577.3    209.7    218.1    218.1    226.5 update
  170.0s      100         1275.7         2289.9     25.2     28.3     35.7     41.9 read
  170.0s      100          314.9          575.7    209.7    302.0    352.3    369.1 update
_elapsed___errors__ops/sec(inst)___ops/sec(cum)__p50(ms)__p95(ms)__p99(ms)_pMax(ms)
  171.0s      100         1342.6         2284.4     25.2     26.2     26.2     33.6 read
  171.0s      100          313.1          574.2    209.7    218.1    218.1    218.1 update
  172.0s      100         1293.5         2278.6     25.2     25.2     26.2     27.3 read
  172.0s      100          332.1          572.8    209.7    218.1    218.1    218.1 update
  173.0s      100         1241.1         2272.6     25.2     28.3     31.5     35.7 read
  173.0s      100          297.8          571.2    209.7    335.5    385.9    402.7 update
  174.0s      100         1232.0         2266.6     25.2     26.2     26.2     28.3 read
  174.0s      100          337.3          569.9    209.7    218.1    226.5    226.5 update
  175.0s      100         1420.6         2261.8     25.2     26.2     30.4     44.0 read
  175.0s      100          302.9          568.3    209.7    218.1    234.9    243.3 update
  176.0s      100         1254.3         2256.1     25.2     26.2     26.2     28.3 read
  176.0s      100          333.1          567.0    209.7    218.1    218.1    218.1 update
  177.0s      100         1365.7         2251.1     25.2     26.2     27.3     28.3 read
  177.0s      100          309.9          565.5    209.7    218.1    218.1    226.5 update
  178.0s      100         1302.4         2245.7     25.2     26.2     33.6     48.2 read
  178.0s      100          331.9          564.2    209.7    218.1    234.9    243.3 update
  179.0s      100         1233.9         2240.1     25.2     26.2     28.3     33.6 read
  179.0s      100          332.2          562.9    209.7    218.1    218.1    226.5 update
  180.0s      100         1317.2         2234.9     25.2     26.2     29.4     35.7 read
  180.0s      100          322.1          561.6    209.7    218.1    218.1    218.1 update
_elapsed___errors__ops/sec(inst)___ops/sec(cum)__p50(ms)__p95(ms)__p99(ms)_pMax(ms)
  181.0s      100         1279.9         2229.7     25.2     26.2     31.5     37.7 read
  181.0s      100          325.0          560.3    209.7    218.1    234.9    243.3 update
  182.0s      100         1294.9         2224.5     25.2     26.2     28.3     29.4 read
  182.0s      100          327.7          559.0    209.7    218.1    218.1    218.1 update
  183.0s      100         1235.0         2219.1     25.2     26.2     29.4     35.7 read
  183.0s      100          329.0          557.8    209.7    218.1    243.3    243.3 update
  184.0s      100         1343.3         2214.4     25.2     26.2     27.3     31.5 read
  184.0s      100          323.3          556.5    209.7    218.1    218.1    226.5 update
  185.0s      100         1291.7         2209.4     25.2     28.3     37.7     44.0 read
  185.0s      100          313.9          555.2    209.7    218.1    226.5    243.3 update
  186.0s      100         1270.7         2204.3     25.2     26.2     26.2     29.4 read
  186.0s      100          335.9          554.0    209.7    218.1    234.9    243.3 update
  187.0s      100         1253.6         2199.3     25.2     26.2     27.3     28.3 read
  187.0s      100          330.2          552.8    209.7    218.1    218.1    218.1 update
  188.0s      100         1242.9         2194.2     25.2     26.2     29.4     35.7 read
  188.0s      100          328.0          551.6    209.7    226.5    251.7    251.7 update
  189.0s      100         1307.9         2189.5     25.2     26.2     28.3     33.6 read
  189.0s      100          327.0          550.4    209.7    218.1    218.1    218.1 update
  190.0s      100         1153.2         2184.0     25.2     26.2     35.7     46.1 read
  190.0s      100          333.8          549.3    209.7    226.5    234.9    243.3 update
_elapsed___errors__ops/sec(inst)___ops/sec(cum)__p50(ms)__p95(ms)__p99(ms)_pMax(ms)
  191.0s      100         1229.3         2179.0     25.2     26.2     27.3     29.4 read
  191.0s      100          338.1          548.2    209.7    218.1    218.1    226.5 update
  192.0s      100         1351.3         2174.7     25.2     26.2     32.5     37.7 read
  192.0s      100          315.1          547.0    209.7    218.1    218.1    218.1 update
  193.0s      100         1367.3         2170.5     25.2     26.2     27.3     30.4 read
  193.0s      100          311.8          545.7    209.7    218.1    234.9    243.3 update
  194.0s      100         1306.0         2166.1     25.2     26.2     26.2     29.4 read
  194.0s      100          330.0          544.6    209.7    218.1    218.1    218.1 update
  195.0s      100         1276.9         2161.5     25.2     29.4     96.5    159.4 read
  195.0s      100          317.0          543.5    209.7    218.1    251.7    302.0 update
  196.0s      100         1198.4         2156.6     25.2     26.2     29.4     71.3 read
  196.0s      100          330.1          542.4    209.7    218.1    218.1    234.9 update
  197.0s      100         1344.3         2152.5     25.2     27.3     33.6     41.9 read
  197.0s      100          323.1          541.3    209.7    218.1    234.9    234.9 update
  198.0s      100         1313.3         2148.2     25.2     26.2     28.3     31.5 read
  198.0s      100          323.1          540.2    209.7    218.1    218.1    218.1 update
  199.0s      100         1389.5         2144.4     25.2     26.2     29.4     33.6 read
  199.0s      100          310.9          539.0    209.7    218.1    226.5    226.5 update
  200.0s      100         1309.2         2140.2     25.2     27.3     32.5     39.8 read
  200.0s      100          317.1          537.9    209.7    226.5    243.3    251.7 update
_elapsed___errors__ops/sec(inst)___ops/sec(cum)__p50(ms)__p95(ms)__p99(ms)_pMax(ms)
  201.0s      100         1259.3         2135.9     25.2     29.4     35.7     39.8 read
  201.0s      100          332.1          536.9    209.7    218.1    218.1    226.5 update
  202.0s      100         1289.0         2131.7     25.2     28.3     32.5     37.7 read
  202.0s      100          316.8          535.8    209.7    218.1    243.3    251.7 update
  203.0s      100         1390.2         2128.0     25.2     26.2     26.2     28.3 read
  203.0s      100          316.3          534.7    209.7    218.1    218.1    218.1 update
  204.0s      100         1298.9         2124.0     25.2     26.2     27.3     28.3 read
  204.0s      100          327.0          533.7    209.7    218.1    218.1    226.5 update
  205.0s      100         1273.8         2119.8     25.2     28.3     31.5     37.7 read
  205.0s      100          319.7          532.6    209.7    218.1    226.5    243.3 update
  206.0s      100         1254.5         2115.6     25.2     26.2     27.3     28.3 read
  206.0s      100          334.1          531.7    209.7    218.1    226.5    226.5 update
  207.0s      100         1274.9         2111.5     25.2     28.3     31.5     41.9 read
  207.0s      100          318.2          530.6    209.7    218.1    243.3    243.3 update
  208.0s      100         1238.8         2107.3     25.2     26.2     26.2    260.0 read
  208.0s      100          335.7          529.7    209.7    218.1    218.1    453.0 update
  209.0s      100         1274.0         2103.4     25.2     27.3     79.7    167.8 read
  209.0s      100          327.2          528.7    209.7    218.1    218.1    226.5 update
  210.0s      100         1114.4         2098.6     25.2     39.8    209.7    234.9 read
  210.0s      100          275.8          527.5    209.7    268.4    402.7    402.7 update
_elapsed___errors__ops/sec(inst)___ops/sec(cum)__p50(ms)__p95(ms)__p99(ms)_pMax(ms)
  211.0s      100         1140.9         2094.1     25.2     92.3    209.7    234.9 read
  211.0s      100          295.0          526.4    209.7    352.3    385.9    402.7 update
  212.0s      100         1411.0         2090.9     25.2     26.2     27.3     44.0 read
  212.0s      100          318.2          525.4    209.7    218.1    226.5    226.5 update
  213.0s      100         1237.3         2086.9     25.2     26.2     30.4     44.0 read
  213.0s      100          326.8          524.5    209.7    234.9    243.3    251.7 update
  214.0s      100         1305.0         2083.2     25.2     26.2     27.3     29.4 read
  214.0s      100          326.0          523.6    209.7    218.1    218.1    218.1 update
  215.0s      100         1346.5         2079.8     25.2     28.3     35.7     41.9 read
  215.0s      100          312.1          522.6    209.7    226.5    243.3    243.3 update
  216.0s      100         1331.2         2076.3     25.2     26.2     33.6     41.9 read
  216.0s      100          318.0          521.7    209.7    218.1    226.5    226.5 update
  217.0s      100         1273.1         2072.6     25.2     26.2     28.3     32.5 read
  217.0s      100          332.0          520.8    209.7    218.1    218.1    226.5 update
  218.0s      100         1411.0         2069.6     25.2     26.2     30.4     37.7 read
  218.0s      100          314.0          519.8    209.7    218.1    234.9    251.7 update
  219.0s      100         1322.0         2066.2     25.2     26.2     26.2     28.3 read
  219.0s      100          316.0          518.9    209.7    218.1    218.1    218.1 update
  220.0s      100         1286.9         2062.6     25.2     26.2     27.3     37.7 read
  220.0s      100          321.0          518.0    209.7    218.1    218.1    218.1 update
_elapsed___errors__ops/sec(inst)___ops/sec(cum)__p50(ms)__p95(ms)__p99(ms)_pMax(ms)
  221.0s      100         1237.0         2058.9     25.2     26.2     35.7     48.2 read
  221.0s      100          330.0          517.1    209.7    234.9    260.0    268.4 update
  222.0s      100         1327.2         2055.6     25.2     26.2     27.3     30.4 read
  222.0s      100          334.0          516.3    209.7    218.1    218.1    226.5 update
  223.0s      100         1326.8         2052.3     25.2     26.2     30.4     37.7 read
  223.0s      100          314.7          515.4    209.7    226.5    243.3    243.3 update
  224.0s      100         1349.2         2049.2     25.2     25.2     26.2     29.4 read
  224.0s      100          327.3          514.6    209.7    218.1    226.5    226.5 update
  225.0s      100         1417.8         2046.4     25.2     26.2     27.3     31.5 read
  225.0s      100          315.9          513.7    209.7    218.1    218.1    218.1 update
  226.0s      100         1267.1         2043.0     25.2     26.2     32.5     37.7 read
  226.0s      100          327.0          512.9    209.7    218.1    234.9    243.3 update
  227.0s      100         1323.0         2039.8     25.2     26.2     26.2     30.4 read
  227.0s      100          322.0          512.0    209.7    218.1    234.9    243.3 update
  228.0s      100         1412.9         2037.0     25.2     26.2     30.4     35.7 read
  228.0s      100          313.0          511.2    209.7    218.1    218.1    226.5 update
  229.0s      100         1238.3         2033.5     25.2     26.2     27.3     28.3 read
  229.0s      100          322.8          510.3    209.7    218.1    243.3    243.3 update
  230.0s      100         1325.0         2030.5     25.2     26.2     28.3     35.7 read
  230.0s      100          325.2          509.5    209.7    218.1    218.1    218.1 update
_elapsed___errors__ops/sec(inst)___ops/sec(cum)__p50(ms)__p95(ms)__p99(ms)_pMax(ms)
  231.0s      100         1365.0         2027.6     25.2     28.3     35.7     44.0 read
  231.0s      100          315.0          508.7    209.7    218.1    251.7    260.0 update
  232.0s      100         1284.0         2024.4     25.2     26.2     27.3     39.8 read
  232.0s      100          326.7          507.9    209.7    218.1    218.1    218.1 update
  233.0s      100         1287.6         2021.2     25.2     25.2     26.2     29.4 read
  233.0s      100          330.1          507.1    209.7    218.1    218.1    218.1 update
  234.0s      100         1398.5         2018.5     25.2     26.2     32.5     39.8 read
  234.0s      100          320.1          506.3    209.7    218.1    234.9    251.7 update
  235.0s      100         1305.7         2015.5     25.2     26.2     27.3     28.3 read
  235.0s      100          321.9          505.6    209.7    218.1    218.1    218.1 update
  236.0s      100         1344.4         2012.7     25.2     26.2     31.5     35.7 read
  236.0s      100          317.1          504.8    209.7    218.1    226.5    226.5 update
  237.0s      100         1476.2         2010.4     25.2     26.2     27.3     29.4 read
  237.0s      100          310.8          503.9    209.7    226.5    260.0    260.0 update
  238.0s      100         1264.1         2007.3     25.2     25.2     26.2     30.4 read
  238.0s      100          327.0          503.2    209.7    218.1    218.1    218.1 update
  239.0s      100         1303.6         2004.3     25.2     26.2     29.4     33.6 read
  239.0s      100          319.2          502.4    209.7    218.1    226.5    243.3 update
  240.0s      100         1354.5         2001.6     25.2     26.2     28.3     48.2 read
  240.0s      100          319.9          501.7    209.7    218.1    226.5    226.5 update
_elapsed___errors__ops/sec(inst)___ops/sec(cum)__p50(ms)__p95(ms)__p99(ms)_pMax(ms)
  241.0s      100         1298.5         1998.7     25.2     26.2     31.5     39.8 read
  241.0s      100          321.1          500.9    209.7    218.1    218.1    234.9 update
  242.0s      100         1273.8         1995.7     25.2     26.2     26.2     28.3 read
  242.0s      100          325.0          500.2    209.7    218.1    243.3    243.3 update
  243.0s      100         1312.0         1992.9     25.2     26.2     27.3     37.7 read
  243.0s      100          325.0          499.5    209.7    218.1    218.1    218.1 update
  244.0s      100         1369.8         1990.3     25.2     26.2     35.7     37.7 read
  244.0s      100          320.0          498.7    209.7    243.3    260.0    260.0 update
  245.0s      100         1296.1         1987.5     25.2     26.2     26.2     30.4 read
  245.0s      100          316.0          498.0    209.7    218.1    226.5    226.5 update
  246.0s      100         1281.4         1984.6     25.2     26.2     27.3     29.4 read
  246.0s      100          327.8          497.3    209.7    218.1    218.1    226.5 update
  247.0s      100         1298.5         1981.9     25.2     27.3     39.8     46.1 read
  247.0s      100          317.1          496.6    218.1    243.3    243.3    251.7 update
  248.0s      100         1297.2         1979.1     25.2     27.3    104.9    121.6 read
  248.0s      100          307.8          495.8    209.7    251.7    318.8    318.8 update
  249.0s      100         1281.6         1976.3     25.2     26.2     27.3     31.5 read
  249.0s      100          323.1          495.1    209.7    218.1    218.1    218.1 update
  250.0s      100         1285.0         1973.5     25.2     28.3    159.4    260.0 read
  250.0s      100          293.0          494.3    209.7    302.0    402.7    503.3 update
_elapsed___errors__ops/sec(inst)___ops/sec(cum)__p50(ms)__p95(ms)__p99(ms)_pMax(ms)
  251.0s      100         1314.4         1970.9     25.2     26.2     27.3     30.4 read
  251.0s      100          321.1          493.6    209.7    218.1    218.1    218.1 update
  252.0s      100         1230.4         1968.0     25.2     27.3     60.8    251.7 read
  252.0s      100          309.8          492.9    209.7    226.5    251.7    251.7 update
  253.0s      100         1341.5         1965.5     25.2     26.2    176.2    243.3 read
  253.0s      100          307.1          492.1    209.7    218.1    385.9    419.4 update
  254.0s      100         1286.3         1962.8     25.2     26.2     30.4     33.6 read
  254.0s      100          326.8          491.5    209.7    234.9    243.3    243.3 update
  255.0s      100         1337.8         1960.4     25.2     27.3    121.6    176.2 read
  255.0s      100          305.0          490.8    209.7    226.5    251.7    352.3 update
  256.0s      100         1309.8         1957.8     25.2     26.2     26.2     29.4 read
  256.0s      100          319.2          490.1    209.7    218.1    218.1    218.1 update
  257.0s      100         1326.9         1955.4     25.2     26.2     27.3     30.4 read
  257.0s      100          322.7          489.4    209.7    218.1    218.1    218.1 update
  258.0s      100         1248.3         1952.6     25.2     27.3     31.5     33.6 read
  258.0s      100          327.3          488.8    218.1    234.9    234.9    234.9 update
  259.0s      100         1285.4         1950.1     25.2     28.3     30.4     35.7 read
  259.0s      100          315.9          488.1    218.1    226.5    226.5    234.9 update
  260.0s      100         1260.7         1947.4     25.2     26.2     27.3     31.5 read
  260.0s      100          326.2          487.5    209.7    218.1    226.5    226.5 update
_elapsed___errors__ops/sec(inst)___ops/sec(cum)__p50(ms)__p95(ms)__p99(ms)_pMax(ms)
  261.0s      100         1267.8         1944.8     25.2     26.2     30.4     31.5 read
  261.0s      100          308.0          486.8    209.7    335.5    352.3    352.3 update
  262.0s      100         1176.6         1941.9     25.2     27.3     31.5     37.7 read
  262.0s      100          331.9          486.2    209.7    234.9    234.9    234.9 update
  263.0s      100         1094.9         1938.6     25.2     28.3     30.4     32.5 read
  263.0s      100          308.0          485.6    218.1    436.2    453.0    469.8 update
  264.0s      100         1289.5         1936.2     25.2     26.2     27.3     28.3 read
  264.0s      100          301.1          484.9    209.7    234.9    243.3    251.7 update
  265.0s      100         1312.9         1933.8     25.2     26.2     26.2     29.4 read
  265.0s      100          327.7          484.3    209.7    218.1    234.9    243.3 update
  266.0s      100         1341.6         1931.6     25.2     26.2     28.3     29.4 read
  266.0s      100          305.1          483.6    209.7    285.2    318.8    335.5 update
  267.0s      100         1245.7         1929.0     25.2     26.2     27.3     29.4 read
  267.0s      100          323.9          483.0    209.7    234.9    243.3    251.7 update
  268.0s      100         1293.3         1926.7     25.2     26.2     27.3     30.4 read
  268.0s      100          264.1          482.2    209.7    226.5    234.9    234.9 update
  269.0s      100         1181.3         1923.9     25.2     29.4     54.5    100.7 read
  269.0s      100          336.1          481.6    218.1    419.4    453.0    469.8 update
  270.0s      100         1289.4         1921.5     25.2     26.2     27.3     30.4 read
  270.0s      100          320.1          481.0    209.7    226.5    234.9    243.3 update
_elapsed___errors__ops/sec(inst)___ops/sec(cum)__p50(ms)__p95(ms)__p99(ms)_pMax(ms)
  271.0s      100         1199.0         1918.9     25.2     29.4     33.6     35.7 read
  271.0s      100          300.0          480.4    218.1    369.1    402.7    419.4 update
  272.0s      100         1478.5         1917.3     25.2     26.2     28.3     31.5 read
  272.0s      100          295.9          479.7    209.7    218.1    234.9    243.3 update
  273.0s      100         1208.4         1914.7     19.9     25.2     26.2     27.3 read
  273.0s      100          308.9          479.1    209.7    234.9    243.3    243.3 update
  274.0s      100         1477.5         1913.1     19.9     23.1     24.1     25.2 read
  274.0s      100          370.1          478.7    209.7    352.3    385.9    385.9 update
  275.0s      100         1312.0         1910.9     19.9     21.0     24.1     27.3 read
  275.0s      100          353.0          478.2    209.7    234.9    234.9    243.3 update
  276.0s      100         1280.3         1908.6     19.9     21.0     23.1     24.1 read
  276.0s      100          337.1          477.7    209.7    318.8    352.3    352.3 update
  277.0s      100         1378.5         1906.7     19.9     21.0     22.0     24.1 read
  277.0s      100          352.9          477.3    209.7    226.5    234.9    234.9 update
  278.0s      100         1279.7         1904.4     19.9     25.2     29.4     39.8 read
  278.0s      100          336.2          476.8    209.7    335.5    369.1    385.9 update
  279.0s      100         1359.5         1902.5     19.9     26.2     56.6     75.5 read
  279.0s      100          350.9          476.3    209.7    234.9    251.7    260.0 update
  280.0s      100         1391.4         1900.7     19.9     21.0     22.0     25.2 read
  280.0s      100          336.1          475.8    209.7    226.5    234.9    234.9 update
_elapsed___errors__ops/sec(inst)___ops/sec(cum)__p50(ms)__p95(ms)__p99(ms)_pMax(ms)
  281.0s      100         1323.0         1898.6     19.9     22.0     24.1     25.2 read
  281.0s      100          351.0          475.4    209.7    285.2    335.5    352.3 update
  282.0s      100         1403.2         1896.8     19.9     21.0     22.0     25.2 read
  282.0s      100          348.8          474.9    209.7    226.5    234.9    234.9 update
  283.0s      100         1251.7         1894.6     19.9     23.1     27.3     28.3 read
  283.0s      100          345.2          474.4    209.7    318.8    352.3    352.3 update
  284.0s      100         1329.1         1892.6     19.9     21.0     23.1     25.2 read
  284.0s      100          359.0          474.0    209.7    234.9    234.9    234.9 update
  285.0s      100         1323.3         1890.6     19.9     26.2     29.4     50.3 read
  285.0s      100          323.8          473.5    209.7    369.1    402.7    436.2 update
  286.0s      100         1430.0         1889.0     19.9     21.0     22.0     26.2 read
  286.0s      100          332.0          473.0    209.7    234.9    234.9    243.3 update
  287.0s      100         1422.1         1887.3     19.9     21.0     22.0     24.1 read
  287.0s      100          357.3          472.6    209.7    234.9    234.9    243.3 update
  288.0s      100         1216.5         1885.0     19.9     22.0     26.2     28.3 read
  288.0s      100          333.9          472.1    209.7    352.3    385.9    385.9 update
  289.0s      100         1415.7         1883.4     19.9     21.0     23.1     24.1 read
  289.0s      100          348.9          471.7    209.7    234.9    234.9    234.9 update
  290.0s      100         1231.6         1881.1     19.9     21.0     23.1     24.1 read
  290.0s      100          329.2          471.2    209.7    335.5    369.1    369.1 update
_elapsed___errors__ops/sec(inst)___ops/sec(cum)__p50(ms)__p95(ms)__p99(ms)_pMax(ms)
  291.0s      100         1421.2         1879.6     19.9     21.0     22.0     23.1 read
  291.0s      100          358.0          470.8    209.7    234.9    234.9    251.7 update
  292.0s      100         1363.8         1877.8     19.9     21.0     22.0     23.1 read
  292.0s      100          344.9          470.4    209.7    234.9    234.9    234.9 update
  293.0s      100         1427.0         1876.2     19.9     21.0     25.2     26.2 read
  293.0s      100          328.8          469.9    209.7    318.8    352.3    352.3 update
  294.0s      100         1504.2         1875.0     19.9     21.0     22.0     24.1 read
  294.0s      100          352.3          469.5    209.7    226.5    234.9    234.9 update
  295.0s      100         1319.9         1873.1     19.9     22.0     25.2     83.9 read
  295.0s      100          336.0          469.1    209.7    302.0    369.1    369.1 update
  296.0s      100         1418.2         1871.6     19.9     21.0     27.3     37.7 read
  296.0s      100          351.0          468.7    209.7    226.5    234.9    234.9 update
  297.0s      100         1395.0         1870.0     19.9     21.0     24.1     52.4 read
  297.0s      100          309.0          468.1    209.7    209.7    218.1    226.5 update
  298.0s      100         1234.0         1867.8     19.9     31.5    218.1    318.8 read
  298.0s      100          347.0          467.7    209.7    318.8    369.1    436.2 update
  299.0s      100         1405.8         1866.3     19.9     21.0     22.0     26.2 read
  299.0s      100          351.0          467.3    209.7    234.9    234.9    385.9 update
  300.0s      100         1360.8         1864.6     19.9     22.0     27.3     28.3 read
  300.0s      100          337.9          466.9    209.7    352.3    385.9    385.9 update
_elapsed___errors__ops/sec(inst)___ops/sec(cum)__p50(ms)__p95(ms)__p99(ms)_pMax(ms)
  301.0s      100         1452.3         1863.2     19.9     21.0     22.0    260.0 read
  301.0s      100          348.1          466.5    209.7    218.1    234.9    234.9 update
  302.0s      100         1433.2         1861.8     19.9     21.0     24.1     26.2 read
  302.0s      100          327.1          466.0    209.7    302.0    318.8    318.8 update
  303.0s      100         1368.1         1860.2     19.9     22.0     52.4    100.7 read
  303.0s      100          351.8          465.7    209.7    234.9    260.0    268.4 update
  304.0s      100         1398.5         1858.7     19.9     21.0     25.2     60.8 read
  304.0s      100          359.9          465.3    209.7    209.7    218.1    268.4 update
  305.0s      100         1318.3         1856.9     19.9     23.1     75.5    251.7 read
  305.0s      100          322.1          464.8    209.7    302.0    335.5    335.5 update
  306.0s      100         1429.2         1855.5     19.9     21.0     22.0     26.2 read
  306.0s      100          356.3          464.5    209.7    234.9    234.9    243.3 update
  307.0s      100         1341.7         1853.8     19.9     23.1     27.3     31.5 read
  307.0s      100          320.7          464.0    209.7    352.3    385.9    385.9 update
  308.0s      100         1445.1         1852.5     19.9     21.0     22.0     23.1 read
  308.0s      100          368.3          463.7    209.7    218.1    218.1    218.1 update
  309.0s      100         1443.3         1851.2     19.9     21.0     22.0     24.1 read
  309.0s      100          351.1          463.3    209.7    218.1    218.1    226.5 update
  310.0s      100         1396.9         1849.7     19.9     22.0     25.2     28.3 read
  310.0s      100          338.0          462.9    209.7    318.8    369.1    369.1 update
_elapsed___errors__ops/sec(inst)___ops/sec(cum)__p50(ms)__p95(ms)__p99(ms)_pMax(ms)
  311.0s      100         1473.1         1848.5     19.9     21.0     22.0     24.1 read
  311.0s      100          343.0          462.6    209.7    209.7    218.1    226.5 update
  312.0s      100         1274.4         1846.6     19.9     23.1     26.2     27.3 read
  312.0s      100          333.9          462.1    209.7    318.8    352.3    369.1 update
  313.0s      100         1464.2         1845.4     19.9     21.0     21.0     23.1 read
  313.0s      100          370.0          461.8    209.7    209.7    218.1    218.1 update
  314.0s      100         1348.8         1843.8     19.9     19.9     21.0     23.1 read
  314.0s      100          361.9          461.5    209.7    209.7    218.1    226.5 update
  315.0s      100         1296.7         1842.1     19.9     22.0     27.3     28.3 read
  315.0s      100          339.9          461.1    209.7    335.5    385.9    385.9 update
  316.0s      100         1377.0         1840.6     19.9     21.0     22.0     25.2 read
  316.0s      100          354.0          460.8    209.7    209.7    218.1    234.9 update
  317.0s      100         1345.7         1839.1     19.9     24.1     26.2     29.4 read
  317.0s      100          334.9          460.4    209.7    318.8    385.9    385.9 update
  318.0s      100         1388.2         1837.7     19.9     22.0     26.2     30.4 read
  318.0s      100          346.3          460.1    209.7    218.1    226.5    226.5 update
  319.0s      100         1399.8         1836.3     19.9     23.1     27.3     35.7 read
  319.0s      100          353.0          459.7    209.7    218.1    218.1    226.5 update
  320.0s      100         1519.9         1835.3     19.9     22.0     26.2     28.3 read
  320.0s      100          337.0          459.3    209.7    302.0    335.5    335.5 update
_elapsed___errors__ops/sec(inst)___ops/sec(cum)__p50(ms)__p95(ms)__p99(ms)_pMax(ms)
  321.0s      100         1500.1         1834.2     19.9     21.0     21.0     23.1 read
  321.0s      100          343.8          459.0    209.7    209.7    218.1    226.5 update
  322.0s      100         1469.7         1833.1     19.9     21.0     23.1     24.1 read
  322.0s      100          335.2          458.6    209.7    285.2    318.8    318.8 update
  323.0s      100         1471.0         1832.0     19.9     21.0     21.0     23.1 read
  323.0s      100          351.8          458.3    209.7    209.7    218.1    226.5 update
  324.0s      100         1448.4         1830.8     19.9     21.0     22.0     24.1 read
  324.0s      100          353.3          457.9    209.7    209.7    209.7    218.1 update
  325.0s      100         1436.6         1829.6     19.9     22.0     25.2     26.2 read
  325.0s      100          331.9          457.5    209.7    318.8    369.1    385.9 update
  326.0s      100         1438.1         1828.4     19.9     21.0     21.0     23.1 read
  326.0s      100          353.0          457.2    209.7    209.7    218.1    218.1 update
  327.0s      100         1441.1         1827.2     19.9     21.0     23.1     23.1 read
  327.0s      100          341.0          456.9    209.7    302.0    335.5    352.3 update
  328.0s      100         1472.2         1826.1     19.9     21.0     22.0     24.1 read
  328.0s      100          337.0          456.5    209.7    209.7    218.1    218.1 update
  329.0s      100         1478.7         1825.1     19.9     21.0     22.0     24.1 read
  329.0s      100          357.9          456.2    209.7    218.1    234.9    234.9 update
  330.0s      100         1267.1         1823.4     19.9     22.0     27.3     29.4 read
  330.0s      100          330.8          455.8    209.7    352.3    402.7    402.7 update
_elapsed___errors__ops/sec(inst)___ops/sec(cum)__p50(ms)__p95(ms)__p99(ms)_pMax(ms)
  331.0s      100         1454.8         1822.3     19.9     21.0     21.0     23.1 read
  331.0s      100          346.2          455.5    209.7    209.7    218.1    218.1 update
  332.0s      100         1490.1         1821.3     19.9     21.0     22.0     24.1 read
  332.0s      100          348.0          455.2    209.7    218.1    218.1    226.5 update
  333.0s      100         1401.8         1820.0     19.9     21.0     22.0     24.1 read
  333.0s      100          356.9          454.9    209.7    209.7    218.1    218.1 update
  334.0s      100         1332.4         1818.5     19.9     23.1    100.7    159.4 read
  334.0s      100          362.1          454.6    209.7    209.7    218.1    218.1 update
  335.0s      100         1471.2         1817.5     19.9     21.0     92.3    125.8 read
  335.0s      100          338.1          454.2    209.7    209.7    318.8    318.8 update
  336.0s      100         1499.9         1816.6     19.9     21.0     22.0     24.1 read
  336.0s      100          347.0          453.9    209.7    209.7    218.1    218.1 update
  337.0s      100         1468.3         1815.5     19.9     21.0     25.2     29.4 read
  337.0s      100          346.8          453.6    209.7    218.1    226.5    234.9 update
  338.0s      100         1373.6         1814.2     19.9     21.0     23.1     25.2 read
  338.0s      100          360.2          453.3    209.7    209.7    218.1    218.1 update
  339.0s      100         1306.8         1812.7     19.9     21.0     22.0     23.1 read
  339.0s      100          368.9          453.1    209.7    209.7    218.1    218.1 update
  340.0s      100         1420.0         1811.6     19.9     21.0     23.1     28.3 read
  340.0s      100          361.0          452.8    209.7    218.1    218.1    226.5 update
_elapsed___errors__ops/sec(inst)___ops/sec(cum)__p50(ms)__p95(ms)__p99(ms)_pMax(ms)
  341.0s      100         1307.2         1810.1     19.9     21.0     21.0     24.1 read
  341.0s      100          356.1          452.5    209.7    218.1    218.1    234.9 update
  342.0s      100         1280.0         1808.5     19.9     19.9     21.0     23.1 read
  342.0s      100          322.7          452.2    209.7    218.1    218.1    226.5 update
  343.0s      100         1377.9         1807.3     19.9     22.0     25.2     26.2 read
  343.0s      100          387.0          452.0    209.7    302.0    352.3    369.1 update
  344.0s      100         1511.5         1806.4     19.9     19.9     21.0     25.2 read
  344.0s      100          351.1          451.7    209.7    209.7    218.1    218.1 update
  345.0s      100         1195.3         1804.7     19.9     44.0    167.8    209.7 read
  345.0s      100          315.1          451.3    209.7    335.5    369.1    385.9 update
  346.0s      100         1525.4         1803.8     19.9     19.9     21.0     23.1 read
  346.0s      100          345.9          451.0    209.7    218.1    218.1    218.1 update
  347.0s      100         1403.0         1802.7     19.9     19.9     21.0     26.2 read
  347.0s      100          356.3          450.7    209.7    209.7    209.7    218.1 update
  348.0s      100         1377.7         1801.5     19.9     21.0     25.2     26.2 read
  348.0s      100          349.9          450.4    209.7    285.2    318.8    335.5 update
  349.0s      100         1408.0         1800.3     19.9     21.0     26.2     35.7 read
  349.0s      100          351.0          450.1    209.7    218.1    226.5    234.9 update
  350.0s      100         1388.1         1799.2     19.9     22.0     23.1     26.2 read
  350.0s      100          347.8          449.8    209.7    260.0    335.5    335.5 update
_elapsed___errors__ops/sec(inst)___ops/sec(cum)__p50(ms)__p95(ms)__p99(ms)_pMax(ms)
  351.0s      100         1396.3         1798.0     19.9     21.0     21.0     23.1 read
  351.0s      100          359.3          449.6    209.7    209.7    218.1    226.5 update
  352.0s      100         1395.1         1796.9     19.9     21.0     23.1     23.1 read
  352.0s      100          349.0          449.3    209.7    260.0    302.0    302.0 update
  353.0s      100         1316.4         1795.5     19.9     21.0     22.0     23.1 read
  353.0s      100          366.8          449.1    209.7    209.7    218.1    218.1 update
  354.0s      100         1385.4         1794.4     19.9     22.0     24.1     25.2 read
  354.0s      100          330.1          448.7    209.7    302.0    335.5    352.3 update
  355.0s      100         1240.9         1792.8     19.9     21.0     22.0     27.3 read
  355.0s      100          386.0          448.5    209.7    209.7    209.7    218.1 update
  356.0s      100         1407.9         1791.7     19.9     21.0     22.0     24.1 read
  356.0s      100          358.0          448.3    209.7    209.7    218.1    218.1 update
  357.0s      100         1306.9         1790.4     19.9     21.0     24.1     26.2 read
  357.0s      100          343.0          448.0    209.7    302.0    335.5    352.3 update
  358.0s      100         1545.6         1789.7     19.9     21.0     22.0     25.2 read
  358.0s      100          353.1          447.7    209.7    209.7    209.7    218.1 update
  359.0s      100         1416.1         1788.6     19.9     21.0     25.2     26.2 read
  359.0s      100          321.8          447.4    209.7    335.5    369.1    369.1 update
  360.0s      100         1399.9         1787.6     19.9     21.0     22.0     24.1 read
  360.0s      100          357.2          447.1    209.7    218.1    218.1    226.5 update
_elapsed___errors__ops/sec(inst)___ops/sec(cum)__p50(ms)__p95(ms)__p99(ms)_pMax(ms)
  361.0s      100         1401.7         1786.5     19.9     21.0     25.2     26.2 read
  361.0s      100          341.9          446.8    209.7    335.5    369.1    385.9 update
  362.0s      100         1370.0         1785.3     19.9     21.0     22.0     24.1 read
  362.0s      100          353.0          446.6    209.7    209.7    218.1    218.1 update
  363.0s      100         1409.0         1784.3     19.9     21.0     22.0     24.1 read
  363.0s      100          354.0          446.3    209.7    209.7    218.1    218.1 update
  364.0s      100         1364.4         1783.1     19.9     23.1     27.3     29.4 read
  364.0s      100          336.8          446.0    209.7    335.5    369.1    369.1 update
  365.0s      100         1341.9         1781.9     19.9     24.1     27.3     32.5 read
  365.0s      100          355.2          445.8    209.7    218.1    226.5    226.5 update
  366.0s      100         1420.8         1780.9     21.0     27.3     31.5     41.9 read
  366.0s      100          324.9          445.4    209.7    285.2    318.8    335.5 update
  367.0s      100         1401.6         1779.9     19.9     22.0     27.3     32.5 read
  367.0s      100          347.9          445.2    209.7    218.1    234.9    234.9 update
  368.0s      100         1378.4         1778.8     19.9     22.0     26.2     33.6 read
  368.0s      100          296.9          444.8    209.7    218.1    218.1    226.5 update
  369.0s      100         1444.4         1777.9     19.9     22.0     26.2     28.3 read
  369.0s      100          379.4          444.6    209.7    318.8    369.1    369.1 update
  370.0s      100         1517.2         1777.2     19.9     21.0     22.0     24.1 read
  370.0s      100          321.8          444.3    209.7    218.1    226.5    226.5 update
_elapsed___errors__ops/sec(inst)___ops/sec(cum)__p50(ms)__p95(ms)__p99(ms)_pMax(ms)
  371.0s      100         1396.7         1776.2     19.9     22.0     25.2     28.3 read
  371.0s      100          342.9          444.0    209.7    318.8    369.1    385.9 update
  372.0s      100         1447.9         1775.3     19.9     21.0     22.0     27.3 read
  372.0s      100          343.2          443.7    209.7    218.1    218.1    226.5 update
  373.0s      100         1261.7         1773.9     19.9     21.0     25.2     27.3 read
  373.0s      100          337.9          443.4    209.7    352.3    385.9    385.9 update
  374.0s      100         1306.5         1772.7     19.9     25.2     28.3     52.4 read
  374.0s      100          352.9          443.2    209.7    218.1    218.1    226.5 update
  375.0s      100         1272.2         1771.3     25.2     27.3     29.4     30.4 read
  375.0s      100          312.1          442.8    218.1    302.0    352.3    369.1 update
  376.0s      100         1295.0         1770.1     25.2     26.2     27.3     28.3 read
  376.0s      100          325.0          442.5    218.1    218.1    226.5    226.5 update
  377.0s      100         1291.3         1768.8     25.2     27.3     31.5     31.5 read
  377.0s      100          286.1          442.1    218.1    385.9    402.7    402.7 update
  378.0s      100         1210.3         1767.3     25.2     26.2     27.3     28.3 read
  378.0s      100          327.1          441.8    218.1    226.5    226.5    234.9 update
  379.0s      100         1175.0         1765.8     25.2     26.2     27.3     28.3 read
  379.0s      100          298.0          441.4    218.1    234.9    234.9    243.3 update
  380.0s      100         1319.3         1764.6     25.2     29.4     35.7     65.0 read
  380.0s      100          331.8          441.1    218.1    335.5    369.1    369.1 update
_elapsed___errors__ops/sec(inst)___ops/sec(cum)__p50(ms)__p95(ms)__p99(ms)_pMax(ms)
  381.0s      100         1336.7         1763.5     25.2     26.2     27.3     29.4 read
  381.0s      100          312.2          440.8    218.1    218.1    226.5    234.9 update
  382.0s      100         1258.6         1762.1     25.2     26.2     29.4     33.6 read
  382.0s      100          310.9          440.5    218.1    335.5    369.1    369.1 update
  383.0s      100         1275.8         1760.9     25.2     26.2     27.3     31.5 read
  383.0s      100          325.9          440.2    218.1    218.1    226.5    234.9 update
  384.0s      100         1180.6         1759.4     25.2     27.3     29.4     30.4 read
  384.0s      100          307.2          439.8    218.1    318.8    369.1    369.1 update
  385.0s      100         1326.6         1758.2     25.2     26.2     27.3     30.4 read
  385.0s      100          319.7          439.5    218.1    218.1    234.9    243.3 update
  386.0s      100         1242.5         1756.9     25.2     26.2     27.3     29.4 read
  386.0s      100          325.1          439.2    209.7    218.1    234.9    234.9 update
  387.0s      100         1282.2         1755.7     25.2     26.2     28.3     29.4 read
  387.0s      100          318.1          438.9    218.1    285.2    335.5    352.3 update
  388.0s      100         1273.6         1754.4     25.2     71.3    113.2    151.0 read
  388.0s      100          299.9          438.5    218.1    251.7    302.0    335.5 update
  389.0s      100         1226.3         1753.1     25.2     29.4     39.8     88.1 read
  389.0s      100          302.1          438.2    218.1    318.8    352.3    352.3 update
  390.0s      100         1382.7         1752.1     25.2     27.3     32.5     39.8 read
  390.0s      100          314.9          437.9    218.1    226.5    234.9    234.9 update
_elapsed___errors__ops/sec(inst)___ops/sec(cum)__p50(ms)__p95(ms)__p99(ms)_pMax(ms)
  391.0s      100         1143.2         1750.6     25.2     26.2     27.3     28.3 read
  391.0s      100          326.0          437.6    218.1    302.0    335.5    352.3 update
  392.0s      100         1292.7         1749.4     25.2     26.2     27.3     30.4 read
  392.0s      100          322.2          437.3    218.1    218.1    226.5    234.9 update
  393.0s      100         1293.5         1748.2     25.2     26.2     27.3     71.3 read
  393.0s      100          325.9          437.0    209.7    218.1    226.5    226.5 update
  394.0s      100         1224.5         1746.9     25.2     27.3     30.4     50.3 read
  394.0s      100          313.1          436.7    218.1    285.2    335.5    335.5 update
  395.0s      100         1276.3         1745.7     25.2     26.2     39.8     52.4 read
  395.0s      100          322.8          436.4    218.1    218.1    226.5    226.5 update
  396.0s      100         1236.6         1744.4     25.2     26.2     28.3     35.7 read
  396.0s      100          313.9          436.1    218.1    285.2    318.8    318.8 update
  397.0s      100         1284.0         1743.3     25.2     26.2     27.3     33.6 read
  397.0s      100          324.2          435.8    209.7    218.1    226.5    226.5 update
  398.0s      100         1271.8         1742.1     25.2     27.3     30.4     31.5 read
  398.0s      100          314.9          435.5    218.1    318.8    352.3    369.1 update
  399.0s      100         1275.1         1740.9     25.2     26.2     31.5     37.7 read
  399.0s      100          320.8          435.2    209.7    218.1    218.1    218.1 update
  400.0s      100         1386.8         1740.0     25.2     26.2     28.3     30.4 read
  400.0s      100          311.2          434.9    218.1    218.1    226.5    226.5 update
_elapsed___errors__ops/sec(inst)___ops/sec(cum)__p50(ms)__p95(ms)__p99(ms)_pMax(ms)
  401.0s      100         1278.5         1738.9     25.2     26.2     30.4     32.5 read
  401.0s      100          313.1          434.6    218.1    302.0    335.5    352.3 update
  402.0s      100         1312.7         1737.8     25.2     26.2     26.2     28.3 read
  402.0s      100          316.9          434.3    218.1    218.1    218.1    218.1 update
  403.0s      100         1167.0         1736.4     25.2     26.2     27.3     29.4 read
  403.0s      100          331.0          434.1    218.1    268.4    318.8    335.5 update
  404.0s      100         1274.3         1735.3     25.2     26.2     27.3     30.4 read
  404.0s      100          320.1          433.8    218.1    218.1    226.5    226.5 update
  405.0s      100         1252.7         1734.1     25.2     26.2     28.3     52.4 read
  405.0s      100          307.9          433.5    218.1    218.1    226.5    251.7 update
  406.0s      100         1313.4         1733.0     25.2     26.2     29.4     31.5 read
  406.0s      100          320.1          433.2    218.1    318.8    369.1    385.9 update
  407.0s      100         1251.6         1731.9     25.2     26.2     28.3     32.5 read
  407.0s      100          324.9          432.9    218.1    218.1    226.5    234.9 update
  408.0s      100         1298.5         1730.8     25.2     27.3     29.4     30.4 read
  408.0s      100          286.9          432.6    218.1    352.3    385.9    402.7 update
  409.0s      100         1317.7         1729.8     25.2     26.2     27.3     30.4 read
  409.0s      100          320.9          432.3    209.7    218.1    218.1    226.5 update
  410.0s      100         1248.0         1728.6     25.2     26.2     27.3     30.4 read
  410.0s      100          336.0          432.1    218.1    218.1    226.5    226.5 update
_elapsed___errors__ops/sec(inst)___ops/sec(cum)__p50(ms)__p95(ms)__p99(ms)_pMax(ms)
  411.0s      100         1208.4         1727.3     25.2     27.3     67.1    151.0 read
  411.0s      100          321.1          431.8    218.1    218.1    234.9    302.0 update
  412.0s      100         1226.2         1726.1     25.2     26.2     27.3     28.3 read
  412.0s      100          336.1          431.6    218.1    218.1    226.5    226.5 update
  413.0s      100         1280.6         1725.0     25.2     26.2     27.3     30.4 read
  413.0s      100          318.9          431.3    218.1    226.5    226.5    226.5 update
  414.0s      100         1331.7         1724.1     25.2     26.2     27.3     29.4 read
  414.0s      100          316.9          431.0    218.1    218.1    226.5    226.5 update
  415.0s      100         1360.1         1723.2     25.2     27.3     29.4     31.5 read
  415.0s      100          319.0          430.7    218.1    218.1    218.1    226.5 update
  416.0s      100         1207.0         1722.0     25.2     26.2     27.3     29.4 read
  416.0s      100          328.3          430.5    218.1    218.1    218.1    226.5 update
  417.0s      100         1212.9         1720.8     25.2     27.3     60.8    113.2 read
  417.0s      100          328.0          430.2    218.1    218.1    260.0    268.4 update
  418.0s      100         1294.5         1719.7     25.2     26.2     26.2     29.4 read
  418.0s      100          319.9          430.0    218.1    218.1    226.5    226.5 update
  419.0s      100         1157.4         1718.4     25.2     26.2     27.3     29.4 read
  419.0s      100          339.1          429.8    218.1    218.1    226.5    226.5 update
  420.0s      100         1255.7         1717.3     25.2     26.2     28.3     30.4 read
  420.0s      100          314.9          429.5    218.1    302.0    335.5    352.3 update
_elapsed___errors__ops/sec(inst)___ops/sec(cum)__p50(ms)__p95(ms)__p99(ms)_pMax(ms)
  421.0s      100         1197.6         1716.1     25.2     26.2     26.2     29.4 read
  421.0s      100          332.2          429.3    209.7    218.1    226.5    234.9 update
  422.0s      100         1356.5         1715.2     25.2     26.2     27.3     29.4 read
  422.0s      100          310.9          429.0    209.7    218.1    226.5    226.5 update
  423.0s      100         1174.2         1713.9     25.2     27.3     30.4     31.5 read
  423.0s      100          317.0          428.7    218.1    335.5    385.9    385.9 update
  424.0s      100         1184.8         1712.7     25.2     26.2     26.2     29.4 read
  424.0s      100          339.9          428.5    218.1    218.1    226.5    226.5 update
  425.0s      100         1202.4         1711.5     25.2     28.3     30.4     30.4 read
  425.0s      100          307.8          428.2    218.1    335.5    369.1    369.1 update
  426.0s      100         1253.9         1710.4     25.2     27.3     31.5     37.7 read
  426.0s      100          325.0          428.0    218.1    218.1    226.5    234.9 update
  427.0s      100         1279.1         1709.4     25.2     26.2     28.3     28.3 read
  427.0s      100          308.3          427.7    218.1    302.0    335.5    352.3 update
  428.0s      100         1335.1         1708.5     25.2     26.2     27.3     28.3 read
  428.0s      100          322.0          427.4    218.1    218.1    218.1    226.5 update
  429.0s      100         1415.8         1707.8     25.2     26.2     27.3     28.3 read
  429.0s      100          287.0          427.1    218.1    218.1    218.1    226.5 update
  430.0s      100         1302.0         1706.9     25.2     29.4     32.5     39.8 read
  430.0s      100          320.0          426.9    218.1    318.8    369.1    369.1 update
_elapsed___errors__ops/sec(inst)___ops/sec(cum)__p50(ms)__p95(ms)__p99(ms)_pMax(ms)
  431.0s      100         1287.6         1705.9     25.2     26.2     26.2     29.4 read
  431.0s      100          312.9          426.6    218.1    218.1    226.5    226.5 update
  432.0s      100         1151.5         1704.6     25.2     27.3     31.5     31.5 read
  432.0s      100          318.8          426.4    218.1    352.3    385.9    385.9 update
  433.0s      100         1229.5         1703.5     25.2     26.2     27.3     29.4 read
  433.0s      100          325.1          426.1    218.1    226.5    226.5    234.9 update
  434.0s      100         1193.6         1702.4     25.2     27.3     31.5     33.6 read
  434.0s      100          303.2          425.8    218.1    335.5    369.1    369.1 update
  435.0s      100         1311.6         1701.5     25.2     27.3     31.5     35.7 read
  435.0s      100          317.9          425.6    218.1    226.5    234.9    243.3 update
  436.0s      100         1201.0         1700.3     25.2     26.2     27.3     30.4 read
  436.0s      100          292.0          425.3    218.1    226.5    226.5    234.9 update
  437.0s      100         1259.4         1699.3     25.2     28.3     30.4     31.5 read
  437.0s      100          306.1          425.0    243.3    369.1    419.4    419.4 update
  438.0s      100         1258.9         1698.3     25.2     26.2     28.3     32.5 read
  438.0s      100          292.0          424.7    234.9    243.3    243.3    243.3 update
  439.0s      100         1228.9         1697.2     25.2     26.2     31.5     31.5 read
  439.0s      100          277.8          424.4    234.9    352.3    385.9    402.7 update
  440.0s      100         1199.4         1696.1     25.2     26.2     28.3     29.4 read
  440.0s      100          304.1          424.1    234.9    243.3    243.3    243.3 update
_elapsed___errors__ops/sec(inst)___ops/sec(cum)__p50(ms)__p95(ms)__p99(ms)_pMax(ms)
  441.0s      100         1151.7         1694.9     25.2     31.5     35.7     46.1 read
  441.0s      100          292.9          423.8    234.9    318.8    352.3    369.1 update
  442.0s      100         1163.0         1693.7     25.2     27.3     28.3     32.5 read
  442.0s      100          289.3          423.5    234.9    251.7    285.2    285.2 update
  443.0s      100         1095.8         1692.3     25.2     28.3     30.4     33.6 read
  443.0s      100          307.9          423.2    243.3    243.3    243.3    251.7 update
  444.0s      100         1070.2         1690.9     25.2     28.3     30.4     33.6 read
  444.0s      100          290.1          422.9    243.3    369.1    402.7    402.7 update
  445.0s      100         1325.9         1690.1     25.2     29.4     37.7     44.0 read
  445.0s      100          286.8          422.6    234.9    243.3    251.7    251.7 update
  446.0s      100         1166.7         1688.9     25.2     27.3     28.3     29.4 read
  446.0s      100          290.2          422.3    234.9    352.3    402.7    402.7 update
  447.0s      100         1227.2         1687.9     25.2     26.2     27.3     39.8 read
  447.0s      100          295.8          422.1    234.9    260.0    302.0    302.0 update
  448.0s      100         1173.5         1686.7     25.2     26.2     27.3     30.4 read
  448.0s      100          299.1          421.8    234.9    243.3    251.7    251.7 update
  449.0s      100         1121.7         1685.5     25.2     28.3     29.4     30.4 read
  449.0s      100          300.9          421.5    234.9    318.8    352.3    369.1 update
  450.0s      100         1214.8         1684.4     25.2     26.2     28.3     35.7 read
  450.0s      100          291.9          421.2    234.9    243.3    243.3    243.3 update
_elapsed___errors__ops/sec(inst)___ops/sec(cum)__p50(ms)__p95(ms)__p99(ms)_pMax(ms)
  451.0s      100         1205.0         1683.4     25.2     28.3     29.4     30.4 read
  451.0s      100          300.3          421.0    234.9    369.1    402.7    402.7 update
  452.0s      100         1218.7         1682.3     25.2     26.2     28.3     32.5 read
  452.0s      100          280.9          420.6    234.9    243.3    251.7    251.7 update
  453.0s      100         1188.2         1681.3     25.2     26.2     28.3     29.4 read
  453.0s      100          300.0          420.4    234.9    243.3    243.3    243.3 update
  454.0s      100         1082.3         1679.9     25.2     30.4    104.9    134.2 read
  454.0s      100          286.8          420.1    243.3    352.3    402.7    419.4 update
  455.0s      100         1196.9         1678.9     25.2     28.3     88.1    176.2 read
  455.0s      100          286.2          419.8    234.9    243.3    318.8    369.1 update
  456.0s      100         1227.1         1677.9     25.2     28.3     31.5     35.7 read
  456.0s      100          288.8          419.5    234.9    335.5    369.1    369.1 update
  457.0s      100         1185.1         1676.8     25.2     29.4     35.7     37.7 read
  457.0s      100          292.0          419.2    234.9    243.3    251.7    251.7 update
  458.0s      100         1218.2         1675.8     25.2     27.3     29.4     32.5 read
  458.0s      100          297.0          419.0    234.9    243.3    260.0    268.4 update
  459.0s      100         1117.6         1674.6     25.2     29.4     35.7     39.8 read
  459.0s      100          288.1          418.7    243.3    385.9    402.7    402.7 update
  460.0s      100         1306.1         1673.8     25.2     26.2     28.3     32.5 read
  460.0s      100          284.0          418.4    234.9    243.3    243.3    243.3 update
_elapsed___errors__ops/sec(inst)___ops/sec(cum)__p50(ms)__p95(ms)__p99(ms)_pMax(ms)
  461.0s      100         1227.8         1672.8     25.2     27.3     30.4     37.7 read
  461.0s      100          290.9          418.1    234.9    302.0    352.3    369.1 update
  462.0s      100         1147.2         1671.7     25.2     27.3     30.4     60.8 read
  462.0s      100          304.8          417.9    234.9    243.3    243.3    243.3 update
  463.0s      100         1271.2         1670.8     25.2     27.3    109.1    121.6 read
  463.0s      100          279.0          417.6    234.9    243.3    318.8    335.5 update
  464.0s      100         1081.3         1669.5     25.2    100.7    113.2    125.8 read
  464.0s      100          265.1          417.2    234.9    335.5    352.3    369.1 update
  465.0s      100         1083.5         1668.3     25.2    100.7    121.6    142.6 read
  465.0s      100          265.1          416.9    234.9    318.8    335.5    385.9 update
  466.0s      100         1041.7         1666.9     25.2    100.7    130.0    167.8 read
  466.0s      100          240.9          416.5    234.9    318.8    335.5    352.3 update
  467.0s      100         1218.3         1666.0     25.2     27.3     30.4     32.5 read
  467.0s      100          317.8          416.3    234.9    352.3    402.7    486.5 update
  468.0s      100         1137.4         1664.9     25.2     26.2     28.3     30.4 read
  468.0s      100          311.1          416.1    234.9    243.3    243.3    251.7 update
  469.0s      100         1244.8         1664.0     25.2     32.5     39.8     58.7 read
  469.0s      100          280.9          415.8    234.9    352.3    385.9    402.7 update
  470.0s      100         1178.8         1662.9     25.2     25.2     26.2     28.3 read
  470.0s      100          298.2          415.5    234.9    243.3    251.7    260.0 update
_elapsed___errors__ops/sec(inst)___ops/sec(cum)__p50(ms)__p95(ms)__p99(ms)_pMax(ms)
  471.0s      100         1237.9         1662.0     25.2     26.2     28.3     31.5 read
  471.0s      100          301.7          415.3    234.9    243.3    243.3    251.7 update
  472.0s      100         1154.3         1660.9     25.2     27.3     37.7     52.4 read
  472.0s      100          280.1          415.0    234.9    352.3    402.7    419.4 update
  473.0s      100         1301.6         1660.2     25.2     25.2     27.3     29.4 read
  473.0s      100          294.1          414.8    234.9    243.3    243.3    243.3 update
  474.0s      100         1202.6         1659.2     25.2     26.2     28.3     30.4 read
  474.0s      100          288.9          414.5    234.9    285.2    335.5    335.5 update
  475.0s      100         1161.6         1658.2     25.2     26.2     30.4     37.7 read
  475.0s      100          309.2          414.3    234.9    243.3    251.7    260.0 update
  476.0s      100         1189.5         1657.2     25.2     26.2     29.4     37.7 read
  476.0s      100          306.9          414.1    234.9    243.3    243.3    243.3 update
  477.0s      100         1182.3         1656.2     25.2     26.2     28.3     30.4 read
  477.0s      100          290.1          413.8    234.9    302.0    369.1    385.9 update
  478.0s      100         1071.7         1655.0     25.2     28.3     96.5    302.0 read
  478.0s      100          293.9          413.5    234.9    243.3    285.2    318.8 update
  479.0s      100         1141.9         1653.9     25.2     29.4    260.0    302.0 read
  479.0s      100          259.0          413.2    234.9    335.5    486.5    503.3 update
  480.0s      100         1279.6         1653.1     25.2     26.2     28.3     41.9 read
  480.0s      100          317.2          413.0    218.1    243.3    243.3    243.3 update
_elapsed___errors__ops/sec(inst)___ops/sec(cum)__p50(ms)__p95(ms)__p99(ms)_pMax(ms)
  481.0s      100         1279.4         1652.3     25.2     25.2     26.2     27.3 read
  481.0s      100          327.8          412.8    218.1    226.5    226.5    226.5 update
  482.0s      100         1196.2         1651.4     25.2     26.2     31.5     32.5 read
  482.0s      100          299.0          412.6    218.1    335.5    385.9    385.9 update
  483.0s      100         1322.0         1650.7     25.2     26.2     28.3     31.5 read
  483.0s      100          326.0          412.4    218.1    218.1    226.5    226.5 update
  484.0s      100         1224.4         1649.8     25.2     26.2     30.4     30.4 read
  484.0s      100          289.1          412.2    218.1    352.3    385.9    385.9 update
  485.0s      100         1292.2         1649.1     25.2     26.2     27.3     31.5 read
  485.0s      100          326.8          412.0    218.1    218.1    226.5    226.5 update
  486.0s      100         1311.5         1648.4     25.2     26.2     26.2     28.3 read
  486.0s      100          320.1          411.8    218.1    218.1    226.5    226.5 update
  487.0s      100         1187.6         1647.5     25.2     27.3     30.4     35.7 read
  487.0s      100          328.9          411.6    218.1    285.2    335.5    335.5 update
  488.0s      100         1266.3         1646.7     25.2     26.2     27.3     39.8 read
  488.0s      100          326.1          411.5    218.1    226.5    234.9    234.9 update
  489.0s      100         1240.5         1645.8     25.2     26.2     29.4     30.4 read
  489.0s      100          310.1          411.3    218.1    318.8    369.1    385.9 update
  490.0s      100         1232.0         1645.0     25.2     26.2     27.3     29.4 read
  490.0s      100          327.0          411.1    218.1    218.1    226.5    226.5 update
_elapsed___errors__ops/sec(inst)___ops/sec(cum)__p50(ms)__p95(ms)__p99(ms)_pMax(ms)
  491.0s      100         1278.1         1644.2     25.2     28.3     31.5     35.7 read
  491.0s      100          322.8          410.9    218.1    226.5    234.9    234.9 update
  492.0s      100         1300.7         1643.6     25.2     29.4     35.7     39.8 read
  492.0s      100          312.2          410.7    218.1    218.1    226.5    226.5 update
  493.0s      100         1360.3         1643.0     25.2     26.2     30.4     35.7 read
  493.0s      100          329.1          410.5    218.1    218.1    218.1    226.5 update
  494.0s      100         1287.0         1642.3     25.2     26.2     27.3     29.4 read
  494.0s      100          312.0          410.3    218.1    218.1    218.1    226.5 update
  495.0s      100         1234.5         1641.4     25.2     26.2     27.3     29.4 read
  495.0s      100          327.9          410.2    209.7    218.1    218.1    218.1 update
  496.0s      100         1258.8         1640.7     25.2     26.2     27.3     31.5 read
  496.0s      100          336.0          410.0    209.7    218.1    218.1    226.5 update
  497.0s      100         1352.4         1640.1     25.2     26.2     26.2     29.4 read
  497.0s      100          313.1          409.8    209.7    218.1    218.1    218.1 update
  498.0s      100         1283.6         1639.4     25.2     26.2     27.3     29.4 read
  498.0s      100          326.9          409.7    218.1    218.1    226.5    234.9 update
  499.0s      100         1331.7         1638.7     25.2     26.2     26.2     28.3 read
  499.0s      100          322.2          409.5    218.1    218.1    226.5    234.9 update
  500.0s      100         1351.5         1638.2     25.2     26.2     27.3     29.4 read
  500.0s      100          312.9          409.3    218.1    218.1    226.5    226.5 update
_elapsed___errors__ops/sec(inst)___ops/sec(cum)__p50(ms)__p95(ms)__p99(ms)_pMax(ms)
  501.0s      100         1191.2         1637.3     25.2     26.2     29.4     30.4 read
  501.0s      100          315.0          409.1    218.1    335.5    369.1    369.1 update
  502.0s      100         1308.6         1636.6     25.2     25.2     26.2     29.4 read
  502.0s      100          317.9          408.9    209.7    218.1    218.1    226.5 update
  503.0s      100         1025.0         1635.4     25.2     31.5    234.9    285.2 read
  503.0s      100          274.0          408.6    218.1    453.0    469.8    520.1 update
  504.0s      100         1228.3         1634.6     25.2     27.3     29.4     31.5 read
  504.0s      100          312.1          408.5    218.1    335.5    385.9    385.9 update
  505.0s      100         1275.5         1633.9     25.2     26.2     27.3     29.4 read
  505.0s      100          323.1          408.3    209.7    218.1    226.5    226.5 update
  506.0s      100         1231.9         1633.1     25.2     26.2     29.4     31.5 read
  506.0s      100          322.0          408.1    218.1    302.0    352.3    369.1 update
  507.0s      100         1273.8         1632.4     25.2     26.2     30.4     35.7 read
  507.0s      100          322.0          407.9    218.1    218.1    226.5    226.5 update
  508.0s      100         1312.1         1631.8     25.2     26.2     30.4     31.5 read
  508.0s      100          303.8          407.7    218.1    318.8    335.5    335.5 update
  509.0s      100         1277.9         1631.1     25.2     26.2     27.3     29.4 read
  509.0s      100          323.2          407.6    218.1    226.5    226.5    234.9 update
  510.0s      100         1324.0         1630.5     25.2     27.3     29.4     35.7 read
  510.0s      100          316.0          407.4    218.1    226.5    226.5    226.5 update

_elapsed___errors_____ops(total)___ops/sec(cum)__avg(ms)__p50(ms)__p95(ms)__p99(ms)_pMax(ms)__total
  510.0s      100         831536         1630.5     15.7     19.9     26.2     28.3    318.8  read

_elapsed___errors_____ops(total)___ops/sec(cum)__avg(ms)__p50(ms)__p95(ms)__p99(ms)_pMax(ms)__total
  510.0s      100         207773          407.4    165.6    209.7    234.9    318.8    520.1  update

_elapsed___errors_____ops(total)___ops/sec(cum)__avg(ms)__p50(ms)__p95(ms)__p99(ms)_pMax(ms)__result
  510.0s      100        1039309         2037.9     45.7     25.2    218.1    234.9    520.1  
