I260911 04:57:14.156171 1 workload/cli/run.go:702  [-] 1  random seed: 42
I260911 04:57:14.156295 1 workload/cli/run.go:487  [-] 2  creating load generator...
I260911 04:57:15.773215 1 workload/cli/run.go:536  [-] 3  creating load generator... done (took 1.616918042s)
_elapsed___errors__ops/sec(inst)___ops/sec(cum)__p50(ms)__p95(ms)__p99(ms)_pMax(ms)
    1.0s        0         1052.1         2753.9     12.1     30.4     52.4     96.5 read
    1.0s        0          227.3          595.0    100.7    117.4    142.6    159.4 update
    2.0s        0         2834.7         2793.9     10.5     24.1     28.3     48.2 read
    2.0s        0          732.2          663.5     96.5    109.1    117.4    125.8 update
    3.0s        0         2836.1         2807.9      9.4     22.0     28.3     41.9 read
    3.0s        0          755.0          694.0     96.5    113.2    121.6    134.2 update
    4.0s        0         2773.2         2799.2     10.0     23.1     30.4     50.3 read
    4.0s        0          734.5          704.1     96.5    113.2    121.6    134.2 update
    5.0s        0         2919.9         2823.3     10.0     24.1     29.4     50.3 read
    5.0s        0          731.5          709.6     96.5    113.2    121.6    125.8 update
    6.0s        0         2743.9         2810.1     12.1     28.3     35.7     50.3 read
    6.0s        0          656.0          700.7    100.7    117.4    125.8    134.2 update
    7.0s        0         2662.3         2789.0     12.1     27.3     35.7     58.7 read
    7.0s        0          676.1          697.1    100.7    117.4    121.6    130.0 update
    8.0s        0         2411.3         2741.8     12.1     30.4     44.0     75.5 read
    8.0s        0          628.8          688.6    104.9    151.0    176.2    184.5 update
    9.0s        0         2304.1         2693.3     13.1     29.4     41.9     56.6 read
    9.0s        0          623.7          681.4    109.1    134.2    142.6    159.4 update
   10.0s        0         2421.7         2666.0     14.2     32.5     46.1     58.7 read
   10.0s        0          562.4          669.5    113.2    142.6    151.0    159.4 update
_elapsed___errors__ops/sec(inst)___ops/sec(cum)__p50(ms)__p95(ms)__p99(ms)_pMax(ms)
   11.0s        0         2214.1         2624.9     14.7     41.9     67.1    151.0 read
   11.0s        0          538.8          657.6    113.2    176.2    192.9    209.7 update
   12.0s        0         2605.3         2623.3     11.0     33.6     48.2     75.5 read
   12.0s        0          612.1          653.8    104.9    142.6    151.0    159.4 update
   13.0s        0         2535.0         2616.5     10.0     35.7     88.1    151.0 read
   13.0s        0          629.0          651.9    100.7    134.2    184.5    302.0 update
   14.0s        0         2600.6         2615.3      9.4     27.3     35.7     50.3 read
   14.0s        0          704.2          655.6    104.9    125.8    134.2    159.4 update
   15.0s        0         2935.6         2636.7      9.4     21.0     27.3     39.8 read
   15.0s        0          768.9          663.2     92.3    109.1    117.4    130.0 update
   16.0s        0         2875.2         2651.6      9.4     23.1     30.4     54.5 read
   16.0s        0          756.8          669.0     92.3    113.2    121.6    142.6 update
   17.0s        0         2939.0         2668.5      8.9     22.0     28.3     39.8 read
   17.0s        0          752.3          673.9     96.5    113.2    117.4    121.6 update
   18.0s        0         2861.0         2679.2     12.6     25.2     32.5     41.9 read
   18.0s        0          700.0          675.4     92.3    104.9    113.2    130.0 update
   19.0s        0         2775.9         2684.3     12.1     24.1     30.4     39.8 read
   19.0s        0          757.0          679.7     88.1    100.7    109.1    117.4 update
   20.0s        0         2851.3         2692.6     13.6     27.3     35.7     48.2 read
   20.0s        0          666.8          679.0     88.1    104.9    121.6    130.0 update
_elapsed___errors__ops/sec(inst)___ops/sec(cum)__p50(ms)__p95(ms)__p99(ms)_pMax(ms)
   21.0s        0         2782.1         2696.9     12.6     26.2     31.5     41.9 read
   21.0s        0          692.0          679.7     92.3    109.1    117.4    121.6 update
   22.0s        0         2752.0         2699.4     12.6     27.3     35.7     48.2 read
   22.0s        0          682.0          679.8     92.3    109.1    117.4    130.0 update
   23.0s        0         2643.9         2697.0     11.5     32.5     46.1     71.3 read
   23.0s        0          635.2          677.8    100.7    134.2    151.0    167.8 update
   24.0s        0         2752.0         2699.3     12.1     27.3     33.6     41.9 read
   24.0s        0          680.7          677.9     92.3    142.6    167.8    184.5 update
   25.0s        0         2807.4         2703.6     14.2     28.3     35.7     50.3 read
   25.0s        0          676.1          677.9     88.1     96.5    104.9    117.4 update
   26.0s        0         2706.0         2703.7     13.1     27.3     37.7     62.9 read
   26.0s        0          706.0          679.0     88.1    109.1    117.4    125.8 update
   27.0s        0         2761.4         2705.9     14.7     29.4     35.7     44.0 read
   27.0s        0          666.6          678.5     88.1    100.7    109.1    113.2 update
   28.0s        0         2766.1         2708.0     14.2     28.3     35.7     46.1 read
   28.0s        0          687.5          678.8     88.1    100.7    104.9    113.2 update
   29.0s        0         2799.1         2711.1     13.1     25.2     31.5     44.0 read
   29.0s        0          720.0          680.2     88.1    100.7    109.1    113.2 update
   30.0s        0         2772.2         2713.2     13.6     28.3     33.6     46.1 read
   30.0s        0          690.8          680.6     88.1    104.9    109.1    121.6 update
_elapsed___errors__ops/sec(inst)___ops/sec(cum)__p50(ms)__p95(ms)__p99(ms)_pMax(ms)
   31.0s        0         2638.1         2710.8     13.1     27.3     35.7     54.5 read
   31.0s        0          721.8          681.9     88.1    104.9    117.4    130.0 update
   32.0s        0         2791.9         2713.3     13.1     27.3     32.5     46.1 read
   32.0s        0          700.2          682.5     88.1    100.7    104.9    117.4 update
   33.0s        0         2773.4         2715.1     14.7     28.3     35.7     41.9 read
   33.0s        0          683.9          682.5     88.1    100.7    104.9    113.2 update
   34.0s        0         2786.6         2717.2     14.2     28.3     33.6     48.2 read
   34.0s        0          673.1          682.3     88.1    104.9    113.2    121.6 update
   35.0s        0         2554.9         2712.6     14.7     35.7     50.3    192.9 read
   35.0s        0          611.2          680.2     92.3    130.0    142.6    159.4 update
   36.0s        0         2587.0         2709.1     13.6     30.4     37.7     50.3 read
   36.0s        0          660.5          679.7     96.5    117.4    125.8    142.6 update
   37.0s        0         2503.3         2703.5     15.2     30.4     37.7     54.5 read
   37.0s        0          673.4          679.5     88.1    100.7    113.2    125.8 update
   38.0s        0         2429.7         2696.3     17.8     35.7     44.0     62.9 read
   38.0s        0          584.9          677.0     92.3    113.2    121.6    142.6 update
   39.0s        0         2452.9         2690.1     17.8     35.7     44.0     54.5 read
   39.0s        0          578.7          674.5     96.5    117.4    130.0    134.2 update
   40.0s        0         2473.6         2684.7     16.3     32.5     41.9     60.8 read
   40.0s        0          632.4          673.4     92.3    109.1    117.4    130.0 update
_elapsed___errors__ops/sec(inst)___ops/sec(cum)__p50(ms)__p95(ms)__p99(ms)_pMax(ms)
   41.0s        0         2482.7         2679.7     16.8     32.5     41.9     58.7 read
   41.0s        0          627.9          672.3     88.1    104.9    117.4    142.6 update
   42.0s        0         2553.3         2676.7     16.3     33.6     41.9     62.9 read
   42.0s        0          650.1          671.8     88.1    100.7    109.1    113.2 update
   43.0s        0         2584.6         2674.6     15.2     31.5     39.8     56.6 read
   43.0s        0          664.9          671.6     88.1    100.7    109.1    117.4 update
   44.0s        0         2606.0         2673.0     14.7     29.4     37.7     48.2 read
   44.0s        0          673.0          671.7     88.1    104.9    121.6    184.5 update
   45.0s        0         2788.4         2675.6     12.6     25.2     33.6    159.4 read
   45.0s        0          675.9          671.8     88.1    130.0    167.8    251.7 update
   46.0s        0         2737.1         2676.9     13.6     27.3     35.7     46.1 read
   46.0s        0          708.3          672.6     88.1    109.1    117.4    142.6 update
   47.0s        0         2634.8         2676.0     14.2     30.4     35.7     48.2 read
   47.0s        0          689.0          672.9     88.1    104.9    109.1    125.8 update
   48.0s        0         2400.2         2670.3     17.8     39.8     50.3    151.0 read
   48.0s        0          541.0          670.2     92.3    130.0    151.0    159.4 update
   49.0s        0         2456.3         2665.9     16.3     33.6     41.9     54.5 read
   49.0s        0          654.1          669.8     92.3    113.2    125.8    151.0 update
   50.0s        0         2540.8         2663.4     15.7     33.6     39.8     56.6 read
   50.0s        0          661.0          669.7     92.3    100.7    109.1    125.8 update
_elapsed___errors__ops/sec(inst)___ops/sec(cum)__p50(ms)__p95(ms)__p99(ms)_pMax(ms)
   51.0s        0         2453.9         2659.3     16.3     32.5     41.9     58.7 read
   51.0s        0          622.0          668.7     88.1    125.8    176.2    184.5 update
   52.0s        0         2413.5         2654.6     14.7     30.4     37.7     48.2 read
   52.0s        0          660.9          668.6     92.3    159.4    176.2    184.5 update
   53.0s        0         2474.1         2651.2     15.7     31.5     39.8     48.2 read
   53.0s        0          667.5          668.6     88.1    104.9    113.2    121.6 update
   54.0s        0         2478.6         2648.0     16.8     33.6     41.9     54.5 read
   54.0s        0          607.6          667.4     92.3    113.2    125.8    134.2 update
   55.0s        0         2550.9         2646.2     15.7     32.5     39.8     50.3 read
   55.0s        0          620.7          666.6     92.3    117.4    130.0    142.6 update
   56.0s        0         2388.0         2641.6     15.7     35.7     44.0     92.3 read
   56.0s        0          659.3          666.4     88.1    109.1    130.0    335.5 update
   57.0s        0         2287.5         2635.4     17.8     39.8     48.2     65.0 read
   57.0s        0          603.9          665.3     92.3    104.9    109.1    121.6 update
   58.0s        0         2214.4         2628.1     19.9     46.1     58.7     71.3 read
   58.0s        0          575.1          663.8     92.3    104.9    117.4    130.0 update
   59.0s        0         2046.0         2618.3     22.0     52.4     65.0     75.5 read
   59.0s        0          522.0          661.4     92.3    109.1    121.6    130.0 update
   60.0s        0         2112.0         2609.8     23.1     48.2     65.0     79.7 read
   60.0s        0          519.0          659.0     96.5    117.4    125.8    134.2 update
_elapsed___errors__ops/sec(inst)___ops/sec(cum)__p50(ms)__p95(ms)__p99(ms)_pMax(ms)
   61.0s        0         2010.2         2600.0     24.1     48.2     58.7     79.7 read
   61.0s        0          502.8          656.5     96.5    125.8    142.6    151.0 update
   62.0s        0         1829.8         2587.6     23.1     62.9    167.8    218.1 read
   62.0s        0          425.2          652.7     96.5    121.6    243.3    260.0 update
   63.0s        0         1612.9         2572.1     29.4     96.5    117.4    151.0 read
   63.0s        0          385.7          648.5    113.2    209.7    251.7    260.0 update
   64.0s        0         1298.6         2552.2     37.7    100.7    125.8    184.5 read
   64.0s        0          301.1          643.1    142.6    201.3    226.5    251.7 update
   65.0s        0         1458.1         2535.4     29.4     92.3    117.4    142.6 read
   65.0s        0          427.0          639.7    113.2    167.8    192.9    209.7 update
   66.0s        0         1540.4         2520.3     31.5     83.9    100.7    121.6 read
   66.0s        0          350.9          635.4    117.4    167.8    176.2    201.3 update
E260911 04:58:22.514011 1 workload/cli/run.go:624  [-] 4  unexpected EOF
   67.0s      100          472.0         2489.7     25.2     83.9     92.3    104.9 read
   67.0s      100          120.0          627.7    104.9    151.0    167.8    176.2 update
   68.0s      100            0.0         2453.1      0.0      0.0      0.0      0.0 read
   68.0s      100            0.0          618.4      0.0      0.0      0.0      0.0 update
   69.0s      100            0.0         2417.6      0.0      0.0      0.0      0.0 read
   69.0s      100            0.0          609.5      0.0      0.0      0.0      0.0 update
E260911 04:58:25.527050 1 workload/cli/run.go:624  [-] 5  failed to connect to `user=root database=ycsb`: 127.0.0.1:26257 (127.0.0.1): failed to receive message: unexpected EOF
   70.0s      106            0.0         2383.0      0.0      0.0      0.0      0.0 read
   70.0s      106            0.0          600.8      0.0      0.0      0.0      0.0 update
_elapsed___errors__ops/sec(inst)___ops/sec(cum)__p50(ms)__p95(ms)__p99(ms)_pMax(ms)
   71.0s      106            0.0         2349.4      0.0      0.0      0.0      0.0 read
   71.0s      106            0.0          592.3      0.0      0.0      0.0      0.0 update
   72.0s      106            0.0         2316.8      0.0      0.0      0.0      0.0 read
   72.0s      106            0.0          584.1      0.0      0.0      0.0      0.0 update
E260911 04:58:28.532982 1 workload/cli/run.go:624  [-] 6  failed to connect to `user=root database=ycsb`: 127.0.0.1:26257 (127.0.0.1): failed to receive message: unexpected EOF
   73.0s      206            0.0         2285.1      0.0      0.0      0.0      0.0 read
   73.0s      206            0.0          576.1      0.0      0.0      0.0      0.0 update
   74.0s      206          480.6         2260.7     28.3    151.0    192.9    318.8 read
   74.0s      206           84.9          569.4    226.5    352.3    402.7    453.0 update
   75.0s      206          788.9         2241.1     27.3    100.7    436.2   1140.9 read
   75.0s      206          205.0          564.6    218.1    335.5    503.3   1040.2 update
   76.0s      206          797.3         2222.1     27.3    100.7   1409.3   2281.7 read
   76.0s      206          211.1          559.9    218.1    369.1    872.4   1409.3 update
   77.0s      206         1083.2         2207.3     27.3     37.7    109.1    318.8 read
   77.0s      206          286.0          556.4    218.1    352.3   1073.7   1677.7 update
   78.0s      206         1198.6         2194.4     30.4     46.1     52.4     60.8 read
   78.0s      206          266.9          552.7    226.5    243.3    838.9   1140.9 update
   79.0s      206         1126.5         2180.9     30.4     56.6     79.7    113.2 read
   79.0s      206          279.1          549.2    226.5    251.7    260.0    285.2 update
   80.0s      206         1241.3         2169.1     28.3     41.9     54.5     65.0 read
   80.0s      206          289.8          546.0    226.5    251.7    285.2    302.0 update
_elapsed___errors__ops/sec(inst)___ops/sec(cum)__p50(ms)__p95(ms)__p99(ms)_pMax(ms)
   81.0s      206         1165.7         2156.7     29.4     46.1     56.6     75.5 read
   81.0s      206          283.2          542.7    226.5    243.3    251.7    260.0 update
   82.0s      206         1060.0         2143.4     31.5     62.9     88.1    234.9 read
   82.0s      206          267.0          539.4    234.9    268.4    285.2    302.0 update
   83.0s      206         1152.0         2131.4     27.3     32.5     37.7     48.2 read
   83.0s      206          315.0          536.6    218.1    234.9    234.9    243.3 update
   84.0s      206         1205.7         2120.4     27.3     35.7     39.8     52.4 read
   84.0s      206          308.9          533.9    218.1    234.9    243.3    251.7 update
   85.0s      206         1196.3         2109.5     27.3     33.6     39.8     46.1 read
   85.0s      206          307.1          531.3    218.1    234.9    234.9    243.3 update
   86.0s      206         1318.9         2100.3     27.3     41.9     62.9     83.9 read
   86.0s      206          270.0          528.2    226.5    243.3    260.0    268.4 update
   87.0s      206         1293.2         2091.0     28.3     39.8     50.3     67.1 read
   87.0s      206          287.0          525.5    218.1    243.3    251.7    251.7 update
   88.0s      206         1251.7         2081.5     28.3     37.7     44.0     56.6 read
   88.0s      206          290.7          522.8    218.1    234.9    243.3    251.7 update
   89.0s      206         1247.4         2072.1     27.3     32.5     35.7     39.8 read
   89.0s      206          301.1          520.3    218.1    234.9    243.3    243.3 update
   90.0s      206         1136.3         2061.7     27.3     35.7     41.9     50.3 read
   90.0s      206          316.1          518.0    218.1    234.9    243.3    251.7 update
_elapsed___errors__ops/sec(inst)___ops/sec(cum)__p50(ms)__p95(ms)__p99(ms)_pMax(ms)
   91.0s      206         1179.4         2052.0     27.3     37.7     50.3     75.5 read
   91.0s      206          309.1          515.7    218.1    243.3    251.7    260.0 update
   92.0s      206         1071.2         2041.4     28.3     41.9     46.1     58.7 read
   92.0s      206          300.1          513.4    226.5    243.3    251.7    260.0 update
   93.0s      206         1072.9         2031.0     30.4     41.9     52.4     65.0 read
   93.0s      206          288.7          511.0    234.9    251.7    260.0    268.4 update
   94.0s      206         1071.3         2020.8     35.7     56.6     65.0     75.5 read
   94.0s      206          247.1          508.2    234.9    260.0    285.2    285.2 update
   95.0s      206         1085.5         2010.9     33.6     48.2     56.6     71.3 read
   95.0s      206          289.1          505.9    234.9    251.7    260.0    268.4 update
   96.0s      206         1182.0         2002.3     28.3     44.0     52.4     71.3 read
   96.0s      206          282.0          503.5    226.5    243.3    268.4    285.2 update
   97.0s      206         1233.7         1994.4     27.3     35.7     41.9     50.3 read
   97.0s      206          307.9          501.5    218.1    226.5    234.9    234.9 update
   98.0s      206         1228.0         1986.5     27.3     37.7     44.0     52.4 read
   98.0s      206          304.0          499.5    218.1    234.9    243.3    251.7 update
   99.0s      206         1331.4         1979.9     27.3     30.4     35.7     46.1 read
   99.0s      206          299.1          497.5    218.1    234.9    243.3    260.0 update
  100.0s      206         1133.4         1971.4     27.3     35.7     46.1     65.0 read
  100.0s      206          308.8          495.6    218.1    234.9    234.9    243.3 update
_elapsed___errors__ops/sec(inst)___ops/sec(cum)__p50(ms)__p95(ms)__p99(ms)_pMax(ms)
  101.0s      206         1128.0         1963.1     31.5     58.7     83.9     96.5 read
  101.0s      206          276.0          493.4    226.5    251.7    268.4    302.0 update
  102.0s      206         1154.2         1955.2     28.3     44.0     52.4     56.6 read
  102.0s      206          293.1          491.4    226.5    243.3    243.3    260.0 update
  103.0s      206         1054.4         1946.4     30.4     79.7     96.5    121.6 read
  103.0s      206          269.1          489.3    226.5    285.2    302.0    469.8 update
  104.0s      206         1227.1         1939.5     26.2     30.4     35.7     44.0 read
  104.0s      206          309.0          487.6    218.1    234.9    234.9    243.3 update
  105.0s      206         1264.0         1933.1     27.3     31.5     33.6     41.9 read
  105.0s      206          317.0          485.9    218.1    234.9    243.3    243.3 update
  106.0s      206         1201.9         1926.2     26.2     31.5     39.8     52.4 read
  106.0s      206          316.0          484.3    218.1    234.9    234.9    234.9 update
  107.0s      206         1189.1         1919.3     27.3     35.7     41.9     50.3 read
  107.0s      206          307.0          482.7    218.1    226.5    234.9    234.9 update
  108.0s      206         1184.4         1912.5     27.3     39.8     48.2     56.6 read
  108.0s      206          311.8          481.1    218.1    234.9    243.3    260.0 update
  109.0s      206         1161.5         1905.6     27.3     37.7     46.1     67.1 read
  109.0s      206          305.1          479.5    218.1    234.9    243.3    251.7 update
  110.0s      206         1212.0         1899.3     27.3     35.7     41.9     48.2 read
  110.0s      206          309.0          477.9    218.1    234.9    234.9    234.9 update
_elapsed___errors__ops/sec(inst)___ops/sec(cum)__p50(ms)__p95(ms)__p99(ms)_pMax(ms)
  111.0s      206         1113.0         1892.2     27.3     35.7     48.2     79.7 read
  111.0s      206          323.0          476.5    218.1    234.9    243.3    243.3 update
  112.0s      206         1185.1         1885.9     26.2     32.5     39.8     52.4 read
  112.0s      206          323.0          475.2    218.1    234.9    234.9    243.3 update
  113.0s      206         1268.6         1880.4     26.2     31.5     37.7     44.0 read
  113.0s      206          306.9          473.7    218.1    234.9    234.9    234.9 update
  114.0s      206         1287.4         1875.2     26.2     30.4     32.5     41.9 read
  114.0s      206          312.9          472.3    218.1    226.5    234.9    234.9 update
  115.0s      206         1230.3         1869.6     26.2     29.4     32.5     37.7 read
  115.0s      206          316.1          470.9    218.1    226.5    234.9    234.9 update
  116.0s      206         1220.3         1864.0     27.3     35.7     41.9     50.3 read
  116.0s      206          301.1          469.4    218.1    234.9    243.3    251.7 update
  117.0s      206         1149.6         1857.9     27.3     32.5     39.8     58.7 read
  117.0s      206          315.9          468.1    218.1    234.9    251.7    251.7 update
  118.0s      206         1285.7         1853.1     27.3     31.5     35.7     48.2 read
  118.0s      206          305.2          466.7    218.1    234.9    243.3    243.3 update
  119.0s      206         1252.1         1848.0     27.3     33.6     37.7     48.2 read
  119.0s      206          305.0          465.4    218.1    234.9    234.9    234.9 update
  120.0s      206         1304.8         1843.5     28.3     35.7     41.9     48.2 read
  120.0s      206          297.9          464.0    218.1    234.9    243.3    243.3 update
_elapsed___errors__ops/sec(inst)___ops/sec(cum)__p50(ms)__p95(ms)__p99(ms)_pMax(ms)
  121.0s      206         1296.6         1839.0     27.3     37.7     50.3     67.1 read
  121.0s      206          290.9          462.6    218.1    243.3    251.7    260.0 update
  122.0s      206         1192.2         1833.7     27.3     35.7     48.2     58.7 read
  122.0s      206          306.1          461.3    218.1    234.9    260.0    260.0 update
  123.0s      206         1233.1         1828.8     26.2     30.4     35.7     39.8 read
  123.0s      206          324.0          460.2    218.1    226.5    234.9    234.9 update
  124.0s      206         1158.9         1823.4     27.3     52.4     67.1     96.5 read
  124.0s      206          281.0          458.7    218.1    260.0    260.0    285.2 update
  125.0s      206         1392.2         1819.9     27.3     32.5     37.7     44.0 read
  125.0s      206          295.0          457.4    218.1    234.9    234.9    251.7 update
  126.0s      206         1241.8         1815.3     28.3     41.9     56.6     75.5 read
  126.0s      206          292.0          456.1    218.1    234.9    251.7    268.4 update
  127.0s      206         1230.7         1810.7     27.3     31.5     37.7     50.3 read
  127.0s      206          310.9          455.0    218.1    234.9    234.9    234.9 update
  128.0s      206         1134.8         1805.5     26.2     30.4     33.6     39.8 read
  128.0s      206          324.9          453.9    218.1    234.9    234.9    243.3 update
  129.0s      206         1150.8         1800.4     27.3     35.7     44.0     50.3 read
  129.0s      206          319.2          452.9    218.1    234.9    234.9    243.3 update
  130.0s      206         1175.4         1795.6     27.3     33.6     41.9     52.4 read
  130.0s      206          310.9          451.8    218.1    234.9    243.3    251.7 update
_elapsed___errors__ops/sec(inst)___ops/sec(cum)__p50(ms)__p95(ms)__p99(ms)_pMax(ms)
  131.0s      206         1240.7         1791.3     27.3     39.8     52.4     65.0 read
  131.0s      206          299.2          450.6    218.1    243.3    251.7    251.7 update
  132.0s      206         1183.6         1786.7     28.3     44.0     58.7     96.5 read
  132.0s      206          296.9          449.5    218.1    234.9    260.0    268.4 update
  133.0s      206         1007.6         1780.9     31.5     50.3     67.1     79.7 read
  133.0s      206          294.9          448.3    226.5    260.0    268.4    268.4 update
  134.0s      206          964.8         1774.8     37.7     75.5     96.5    113.2 read
  134.0s      206          243.2          446.8    234.9    285.2    302.0    335.5 update
  135.0s      206         1234.4         1770.8     28.3     60.8     79.7    104.9 read
  135.0s      206          283.9          445.6    218.1    260.0    268.4    268.4 update
  136.0s      206         1243.6         1766.9     27.3     37.7     48.2     62.9 read
  136.0s      206          306.2          444.5    218.1    234.9    243.3    251.7 update
  137.0s      206         1171.2         1762.6     27.3     33.6     39.8     54.5 read
  137.0s      206          312.8          443.6    218.1    234.9    243.3    251.7 update
  138.0s      206         1267.7         1759.0     27.3     31.5     35.7     44.0 read
  138.0s      206          307.2          442.6    218.1    234.9    234.9    243.3 update
  139.0s      206         1292.3         1755.6     27.3     30.4     32.5     35.7 read
  139.0s      206          303.8          441.6    218.1    226.5    234.9    243.3 update
  140.0s      206         1318.6         1752.5     27.3     35.7     44.0     52.4 read
  140.0s      206          302.1          440.6    218.1    234.9    243.3    251.7 update
_elapsed___errors__ops/sec(inst)___ops/sec(cum)__p50(ms)__p95(ms)__p99(ms)_pMax(ms)
  141.0s      206         1222.9         1748.7     26.2     31.5     37.7     48.2 read
  141.0s      206          313.0          439.7    218.1    234.9    234.9    243.3 update
  142.0s      206         1258.5         1745.3     26.2     29.4     31.5     39.8 read
  142.0s      206          310.9          438.8    218.1    226.5    234.9    243.3 update
  143.0s      206         1266.3         1741.9     26.2     30.4     32.5     44.0 read
  143.0s      206          312.1          437.9    218.1    226.5    234.9    234.9 update
  144.0s      206         1284.9         1738.8     26.2     31.5     37.7     48.2 read
  144.0s      206          305.0          437.0    218.1    234.9    234.9    234.9 update
  145.0s      206         1288.2         1735.7     26.2     29.4     31.5     37.7 read
  145.0s      206          310.0          436.1    218.1    226.5    234.9    234.9 update
  146.0s      206         1237.4         1732.2     26.2     31.5     37.7     39.8 read
  146.0s      206          308.1          435.2    218.1    234.9    234.9    243.3 update
  147.0s      206         1087.1         1727.9     29.4     52.4     71.3    104.9 read
  147.0s      206          289.0          434.2    226.5    260.0    268.4    302.0 update
  148.0s      206         1267.5         1724.7     26.2     31.5     35.7     48.2 read
  148.0s      206          308.9          433.4    218.1    226.5    234.9    234.9 update
  149.0s      206         1345.4         1722.2     26.2     29.4     32.5     37.7 read
  149.0s      206          306.1          432.5    218.1    234.9    234.9    234.9 update
  150.0s      206         1321.3         1719.5     26.2     30.4     35.7     44.0 read
  150.0s      206          304.8          431.7    218.1    234.9    234.9    243.3 update
_elapsed___errors__ops/sec(inst)___ops/sec(cum)__p50(ms)__p95(ms)__p99(ms)_pMax(ms)
  151.0s      206         1314.7         1716.8     27.3     35.7     44.0     48.2 read
  151.0s      206          294.2          430.8    218.1    251.7    251.7    260.0 update
  152.0s      206         1287.0         1714.0     26.2     31.5     37.7     50.3 read
  152.0s      206          301.0          429.9    218.1    234.9    243.3    251.7 update
  153.0s      206         1193.0         1710.6     27.3     31.5     37.7     52.4 read
  153.0s      206          320.0          429.2    218.1    234.9    234.9    251.7 update
  154.0s      206         1258.4         1707.7     26.2     32.5     39.8     54.5 read
  154.0s      206          300.8          428.4    218.1    234.9    234.9    243.3 update
  155.0s      206         1167.3         1704.2     27.3     35.7     44.0     54.5 read
  155.0s      206          316.1          427.6    218.1    234.9    243.3    243.3 update
  156.0s      206         1160.6         1700.7     27.3     35.7     48.2     65.0 read
  156.0s      206          312.9          426.9    218.1    234.9    243.3    251.7 update
  157.0s      206         1197.0         1697.5     27.3     32.5     39.8     46.1 read
  157.0s      206          314.0          426.2    218.1    234.9    234.9    234.9 update
  158.0s      206         1282.5         1694.9     27.3     37.7     41.9     56.6 read
  158.0s      206          304.1          425.4    218.1    234.9    234.9    234.9 update
  159.0s      206         1205.7         1691.8     27.3     35.7     41.9     54.5 read
  159.0s      206          292.9          424.6    218.1    234.9    243.3    243.3 update
  160.0s      206         1111.3         1688.2     31.5     46.1     54.5     75.5 read
  160.0s      206          283.1          423.7    234.9    260.0    268.4    285.2 update
_elapsed___errors__ops/sec(inst)___ops/sec(cum)__p50(ms)__p95(ms)__p99(ms)_pMax(ms)
  161.0s      206         1001.9         1683.9     32.5     52.4     62.9     83.9 read
  161.0s      206          280.0          422.8    234.9    260.0    268.4    285.2 update
  162.0s      206         1173.9         1680.8     28.3     41.9     54.5     62.9 read
  162.0s      206          291.0          422.0    226.5    243.3    251.7    260.0 update
  163.0s      206         1287.2         1678.3     27.3     31.5     37.7     46.1 read
  163.0s      206          306.0          421.3    218.1    234.9    243.3    243.3 update
  164.0s      206         1238.2         1675.7     26.2     30.4     37.7     50.3 read
  164.0s      206          309.8          420.6    218.1    226.5    234.9    234.9 update
  165.0s      206         1142.2         1672.4     26.2     29.4     32.5     37.7 read
  165.0s      206          312.1          419.9    234.9    260.0    302.0    318.8 update
  166.0s      206         1291.6         1670.1     27.3     35.7     56.6     75.5 read
  166.0s      206          284.9          419.1    226.5    260.0    285.2    302.0 update
  167.0s      206         1230.4         1667.5     26.2     32.5     35.7     41.9 read
  167.0s      206          294.1          418.4    226.5    234.9    243.3    251.7 update
  168.0s      206         1068.7         1663.9     27.3     50.3     65.0     83.9 read
  168.0s      206          292.2          417.6    234.9    251.7    260.0    285.2 update
  169.0s      206         1275.9         1661.6     26.2     31.5     35.7     50.3 read
  169.0s      206          296.7          416.9    226.5    243.3    260.0    260.0 update
  170.0s      206         1205.4         1659.0     26.2     31.5     35.7     41.9 read
  170.0s      206          314.1          416.3    218.1    226.5    234.9    234.9 update
_elapsed___errors__ops/sec(inst)___ops/sec(cum)__p50(ms)__p95(ms)__p99(ms)_pMax(ms)
  171.0s      206         1268.6         1656.7     27.3     33.6     48.2     67.1 read
  171.0s      206          301.1          415.6    218.1    234.9    243.3    251.7 update
  172.0s      206         1151.9         1653.7     26.2     30.4     35.7     54.5 read
  172.0s      206          322.0          415.1    218.1    234.9    234.9    243.3 update
  173.0s      206         1177.8         1651.0     26.2     30.4     32.5     48.2 read
  173.0s      206          325.9          414.6    218.1    226.5    234.9    234.9 update
  174.0s      206         1249.3         1648.7     27.3     32.5     44.0     50.3 read
  174.0s      206          309.1          414.0    218.1    234.9    234.9    243.3 update
  175.0s      206         1234.9         1646.3     26.2     30.4     44.0     58.7 read
  175.0s      206          314.0          413.4    218.1    234.9    234.9    234.9 update
  176.0s      206         1208.7         1643.8     26.2     32.5     41.9     48.2 read
  176.0s      206          305.9          412.8    218.1    234.9    243.3    251.7 update
  177.0s      206         1276.7         1641.8     27.3     32.5     37.7     50.3 read
  177.0s      206          299.2          412.1    218.1    226.5    243.3    251.7 update
  178.0s      206         1276.5         1639.7     27.3     32.5     39.8     46.1 read
  178.0s      206          313.9          411.6    218.1    226.5    234.9    234.9 update
  179.0s      206         1291.8         1637.8     27.3     33.6     41.9     50.3 read
  179.0s      206          295.0          410.9    218.1    234.9    243.3    251.7 update
  180.0s      206         1258.3         1635.6     26.2     32.5     39.8     44.0 read
  180.0s      206          304.1          410.3    218.1    226.5    234.9    234.9 update
_elapsed___errors__ops/sec(inst)___ops/sec(cum)__p50(ms)__p95(ms)__p99(ms)_pMax(ms)
  181.0s      206          985.1         1632.1     35.7     83.9    113.2    134.2 read
  181.0s      206          255.0          409.5    234.9    302.0    318.8    318.8 update
  182.0s      206         1067.0         1629.0     35.7     65.0     88.1    130.0 read
  182.0s      206          252.0          408.6    234.9    268.4    302.0    318.8 update
  183.0s      206         1071.1         1625.9     31.5     56.6     75.5     96.5 read
  183.0s      206          281.0          407.9    226.5    260.0    268.4    285.2 update
  184.0s      206         1234.0         1623.8     26.2     31.5     39.8     48.2 read
  184.0s      206          314.0          407.4    218.1    234.9    234.9    243.3 update
  185.0s      206         1225.3         1621.6     27.3     33.6     39.8     56.6 read
  185.0s      206          313.8          406.9    218.1    234.9    243.3    243.3 update
  186.0s      206         1248.8         1619.6     27.3     32.5     39.8     46.1 read
  186.0s      206          299.9          406.3    218.1    234.9    251.7    251.7 update
  187.0s      206         1224.4         1617.5     27.3     35.7     39.8     54.5 read
  187.0s      206          299.1          405.8    218.1    234.9    243.3    243.3 update
  188.0s      206         1239.3         1615.5     26.2     31.5     37.7     46.1 read
  188.0s      206          324.1          405.3    218.1    234.9    243.3    251.7 update
  189.0s      206         1156.4         1613.1     27.3     35.7     44.0     50.3 read
  189.0s      206          306.8          404.8    218.1    234.9    234.9    243.3 update
  190.0s      206         1140.8         1610.6     27.3     33.6     41.9     48.2 read
  190.0s      206          324.2          404.4    218.1    234.9    243.3    243.3 update
_elapsed___errors__ops/sec(inst)___ops/sec(cum)__p50(ms)__p95(ms)__p99(ms)_pMax(ms)
  191.0s      206          941.5         1607.1     29.4     67.1     79.7    104.9 read
  191.0s      206          303.8          403.9    226.5    251.7    285.2    285.2 update
  192.0s      206         1203.3         1605.0     27.3     62.9     83.9    318.8 read
  192.0s      206          269.1          403.2    218.1    285.2    285.2    302.0 update
  193.0s      206         1209.9         1602.9     27.3     35.7     44.0     54.5 read
  193.0s      206          306.0          402.6    218.1    234.9    234.9    243.3 update
  194.0s      206         1158.9         1600.6     27.3     32.5     37.7     48.2 read
  194.0s      206          320.0          402.2    218.1    234.9    234.9    234.9 update
  195.0s      206         1208.8         1598.6     27.3     31.5     35.7     41.9 read
  195.0s      206          312.0          401.8    218.1    234.9    234.9    234.9 update
  196.0s      206         1241.7         1596.8     26.2     31.5     39.8     46.1 read
  196.0s      206          318.9          401.3    218.1    234.9    234.9    243.3 update
  197.0s      206         1159.9         1594.6     26.2     30.4     39.8     50.3 read
  197.0s      206          314.0          400.9    218.1    234.9    234.9    243.3 update
  198.0s      206         1254.7         1592.9     27.3     32.5     35.7     39.8 read
  198.0s      206          303.2          400.4    218.1    234.9    234.9    234.9 update
  199.0s      206         1281.7         1591.3     26.2     30.4     35.7     46.1 read
  199.0s      206          311.9          400.0    218.1    234.9    243.3    243.3 update
  200.0s      206         1166.0         1589.2     26.2     29.4     33.6     46.1 read
  200.0s      206          322.0          399.6    218.1    234.9    243.3    260.0 update
_elapsed___errors__ops/sec(inst)___ops/sec(cum)__p50(ms)__p95(ms)__p99(ms)_pMax(ms)
  201.0s      206         1223.0         1587.4     27.3     33.6     37.7     48.2 read
  201.0s      206          304.0          399.1    218.1    234.9    234.9    243.3 update
  202.0s      206         1228.4         1585.6     26.2     29.4     31.5     37.7 read
  202.0s      206          322.1          398.7    218.1    226.5    234.9    234.9 update
  203.0s      206         1330.0         1584.3     26.2     30.4     33.6     39.8 read
  203.0s      206          304.0          398.2    218.1    234.9    234.9    234.9 update
  204.0s      206         1204.1         1582.5     26.2     30.4     35.7     50.3 read
  204.0s      206          320.0          397.9    218.1    234.9    243.3    243.3 update
  205.0s      206         1276.1         1581.0     27.3     35.7     46.1     56.6 read
  205.0s      206          297.0          397.4    218.1    234.9    251.7    251.7 update
  206.0s      206         1218.6         1579.2     27.3     39.8     50.3     67.1 read
  206.0s      206          294.9          396.9    218.1    234.9    251.7    251.7 update
  207.0s      206         1187.9         1577.3     26.2     32.5     37.7     44.0 read
  207.0s      206          325.0          396.5    218.1    234.9    243.3    251.7 update
  208.0s      206         1220.5         1575.6     26.2     32.5     39.8     50.3 read
  208.0s      206          303.9          396.1    218.1    234.9    234.9    234.9 update
  209.0s      206         1273.1         1574.1     26.2     30.4     39.8     50.3 read
  209.0s      206          313.0          395.7    218.1    234.9    243.3    260.0 update
  210.0s      206         1200.0         1572.4     27.3     35.7     46.1     62.9 read
  210.0s      206          301.3          395.2    218.1    234.9    243.3    243.3 update
_elapsed___errors__ops/sec(inst)___ops/sec(cum)__p50(ms)__p95(ms)__p99(ms)_pMax(ms)
  211.0s      206         1178.0         1570.5     27.3     37.7     52.4     71.3 read
  211.0s      206          308.0          394.8    218.1    243.3    260.0    285.2 update
  212.0s      206         1168.0         1568.6     27.3     32.5     37.7     44.0 read
  212.0s      206          312.0          394.4    218.1    234.9    234.9    251.7 update
  213.0s      206         1275.0         1567.2     27.3     32.5     37.7     54.5 read
  213.0s      206          305.0          394.0    218.1    234.9    243.3    243.3 update
  214.0s      206         1146.0         1565.3     27.3     41.9     50.3     67.1 read
  214.0s      206          297.0          393.6    218.1    234.9    251.7    260.0 update
  215.0s      206         1301.2         1564.0     27.3     31.5     35.7     39.8 read
  215.0s      206          309.8          393.2    218.1    234.9    243.3    251.7 update
  216.0s      206         1193.3         1562.3     27.3     37.7     41.9     52.4 read
  216.0s      206          306.1          392.8    218.1    234.9    234.9    243.3 update
  217.0s      206         1115.5         1560.2     26.2     30.4     35.7     41.9 read
  217.0s      206          313.9          392.4    218.1    234.9    243.3    243.3 update
  218.0s      206         1200.2         1558.6     27.3     31.5     35.7     48.2 read
  218.0s      206          330.1          392.1    218.1    234.9    234.9    234.9 update
  219.0s      206         1078.7         1556.4     27.3     33.6     39.8     44.0 read
  219.0s      206          328.2          391.8    218.1    234.9    234.9    243.3 update
  220.0s      206         1343.1         1555.4     27.3     33.6     41.9     54.5 read
  220.0s      206          298.0          391.4    218.1    234.9    234.9    243.3 update
_elapsed___errors__ops/sec(inst)___ops/sec(cum)__p50(ms)__p95(ms)__p99(ms)_pMax(ms)
  221.0s      206         1080.7         1553.3     27.3     39.8     54.5     75.5 read
  221.0s      206          313.9          391.0    218.1    243.3    251.7    260.0 update
  222.0s      206         1325.0         1552.3     26.2     30.4     33.6     44.0 read
  222.0s      206          301.8          390.6    218.1    234.9    234.9    234.9 update
  223.0s      206         1322.7         1551.2     26.2     29.4     32.5     44.0 read
  223.0s      206          298.2          390.2    218.1    234.9    234.9    234.9 update
  224.0s      206         1221.5         1549.8     26.2     30.4     33.6     41.9 read
  224.0s      206          328.9          389.9    218.1    226.5    234.9    243.3 update
  225.0s      206         1233.5         1548.4     26.2     31.5     37.7     46.1 read
  225.0s      206          312.1          389.6    218.1    226.5    234.9    243.3 update
  226.0s      206         1239.2         1547.0     26.2     31.5     39.8     71.3 read
  226.0s      206          308.8          389.2    218.1    234.9    234.9    251.7 update
  227.0s      206         1171.8         1545.3     26.2     30.4     33.6     41.9 read
  227.0s      206          319.2          388.9    218.1    226.5    234.9    243.3 update
  228.0s      206         1223.9         1543.9     28.3     39.8     46.1     60.8 read
  228.0s      206          283.0          388.5    226.5    243.3    251.7    260.0 update
  229.0s      206          915.5         1541.2     37.7     56.6     67.1     79.7 read
  229.0s      206          268.9          388.0    243.3    268.4    302.0    318.8 update
  230.0s      206         1053.1         1539.1     30.4     48.2     56.6     65.0 read
  230.0s      206          291.0          387.5    234.9    260.0    268.4    285.2 update
_elapsed___errors__ops/sec(inst)___ops/sec(cum)__p50(ms)__p95(ms)__p99(ms)_pMax(ms)
  231.0s      206         1146.4         1537.4     27.3     46.1     65.0     79.7 read
  231.0s      206          291.1          387.1    226.5    251.7    285.2    302.0 update
  232.0s      206         1212.9         1536.0     26.2     29.4     35.7     39.8 read
  232.0s      206          322.0          386.8    218.1    234.9    234.9    243.3 update
  233.0s      206         1273.8         1534.8     27.3     39.8     48.2     71.3 read
  233.0s      206          296.0          386.4    218.1    234.9    234.9    243.3 update
  234.0s      206         1162.6         1533.2     27.3     41.9     54.5     83.9 read
  234.0s      206          301.2          386.1    218.1    251.7    260.0    268.4 update
  235.0s      206         1300.1         1532.2     26.2     31.5     44.0     58.7 read
  235.0s      206          296.0          385.7    218.1    234.9    243.3    251.7 update
  236.0s      206         1190.8         1530.8     26.2     35.7     48.2     67.1 read
  236.0s      206          313.9          385.4    218.1    243.3    251.7    251.7 update
  237.0s      206         1135.1         1529.1     28.3     46.1     56.6    226.5 read
  237.0s      206          297.0          385.0    226.5    251.7    260.0    285.2 update
  238.0s      206         1241.9         1527.9     27.3     35.7     44.0     48.2 read
  238.0s      206          300.0          384.7    218.1    234.9    234.9    234.9 update
  239.0s      206         1115.6         1526.2     26.2     29.4     31.5     33.6 read
  239.0s      206          327.9          384.4    218.1    234.9    234.9    234.9 update
  240.0s      206         1177.2         1524.7     27.3     46.1     58.7     71.3 read
  240.0s      206          297.0          384.1    218.1    243.3    260.0    268.4 update
_elapsed___errors__ops/sec(inst)___ops/sec(cum)__p50(ms)__p95(ms)__p99(ms)_pMax(ms)
  241.0s      206         1245.4         1523.6     27.3     39.8     48.2     56.6 read
  241.0s      206          285.1          383.6    226.5    260.0    268.4    285.2 update
  242.0s      206         1221.7         1522.3     26.2     31.5     35.7     39.8 read
  242.0s      206          311.9          383.4    218.1    234.9    234.9    243.3 update
  243.0s      206         1265.5         1521.3     26.2     29.4     32.5     44.0 read
  243.0s      206          318.9          383.1    218.1    226.5    234.9    243.3 update
  244.0s      206         1279.1         1520.3     27.3     32.5     46.1     58.7 read
  244.0s      206          301.3          382.7    218.1    234.9    234.9    243.3 update
  245.0s      206         1197.9         1519.0     27.3     31.5     37.7     54.5 read
  245.0s      206          310.7          382.5    218.1    234.9    234.9    243.3 update
  246.0s      206         1239.6         1517.8     26.2     30.4     37.7     44.0 read
  246.0s      206          321.1          382.2    218.1    226.5    234.9    234.9 update
  247.0s      206         1263.2         1516.8     26.2     32.5     37.7     46.1 read
  247.0s      206          304.0          381.9    218.1    234.9    234.9    243.3 update
  248.0s      206         1280.2         1515.9     26.2     30.4     35.7     39.8 read
  248.0s      206          308.0          381.6    218.1    234.9    234.9    243.3 update
  249.0s      206         1128.9         1514.3     27.3     39.8     54.5     58.7 read
  249.0s      206          312.0          381.3    218.1    243.3    260.0    260.0 update
  250.0s      206         1201.3         1513.0     27.3     35.7     41.9     48.2 read
  250.0s      206          312.1          381.0    218.1    234.9    243.3    243.3 update
_elapsed___errors__ops/sec(inst)___ops/sec(cum)__p50(ms)__p95(ms)__p99(ms)_pMax(ms)
  251.0s      206          948.5         1510.8     35.7     88.1    113.2    159.4 read
  251.0s      206          240.9          380.5    234.9    318.8    352.3    369.1 update
  252.0s      206         1090.4         1509.1     37.7     60.8     75.5     88.1 read
  252.0s      206          229.1          379.9    243.3    285.2    302.0    318.8 update
  253.0s      206         1141.4         1507.7     31.5     48.2     58.7     83.9 read
  253.0s      206          281.1          379.5    226.5    260.0    260.0    285.2 update
  254.0s      206         1063.5         1505.9     33.6     54.5     60.8     79.7 read
  254.0s      206          273.9          379.1    234.9    260.0    268.4    285.2 update
  255.0s      206         1085.0         1504.3     35.7     52.4     62.9     71.3 read
  255.0s      206          255.0          378.6    234.9    260.0    285.2    285.2 update
  256.0s      206         1074.2         1502.6     35.7     65.0    109.1    167.8 read
  256.0s      206          244.1          378.1    234.9    302.0    318.8    335.5 update
  257.0s      206         1057.2         1500.9     35.7     52.4     65.0     75.5 read
  257.0s      206          265.0          377.6    234.9    268.4    285.2    285.2 update
  258.0s      206         1131.8         1499.4     31.5     54.5     67.1     88.1 read
  258.0s      206          262.0          377.2    234.9    260.0    285.2    285.2 update
  259.0s      206         1199.1         1498.3     28.3     32.5     35.7     44.0 read
  259.0s      206          305.0          376.9    218.1    234.9    234.9    243.3 update
  260.0s      206         1042.9         1496.5     29.4     54.5     67.1     79.7 read
  260.0s      206          297.0          376.6    218.1    251.7    268.4    285.2 update
_elapsed___errors__ops/sec(inst)___ops/sec(cum)__p50(ms)__p95(ms)__p99(ms)_pMax(ms)
  261.0s      206         1175.1         1495.3     29.4     50.3     65.0     92.3 read
  261.0s      206          281.0          376.2    226.5    268.4    285.2    536.9 update
  262.0s      206         1233.0         1494.3     28.3     32.5     35.7     44.0 read
  262.0s      206          305.0          375.9    218.1    226.5    234.9    234.9 update
  263.0s      206         1262.4         1493.4     28.3     31.5     33.6    151.0 read
  263.0s      206          292.9          375.6    218.1    234.9    234.9    234.9 update
  264.0s      206         1267.9         1492.6     28.3     35.7     46.1     62.9 read
  264.0s      206          299.0          375.3    218.1    234.9    251.7    285.2 update
  265.0s      206         1256.5         1491.7     28.3     31.5     37.7     46.1 read
  265.0s      206          292.9          375.0    218.1    234.9    234.9    234.9 update
  266.0s      206         1177.2         1490.5     28.3     31.5     35.7     60.8 read
  266.0s      206          312.1          374.8    218.1    234.9    243.3    243.3 update
  267.0s      206         1140.9         1489.2     28.3     33.6     37.7     44.0 read
  267.0s      206          312.2          374.6    218.1    234.9    234.9    243.3 update
  268.0s      206         1178.3         1488.0     28.3     33.6     37.7     48.2 read
  268.0s      206          304.8          374.3    218.1    234.9    243.3    251.7 update
  269.0s      206         1219.9         1487.0     28.3     31.5     35.7     37.7 read
  269.0s      206          302.0          374.0    218.1    234.9    234.9    234.9 update
  270.0s      206         1164.0         1485.8     28.3     32.5     37.7     50.3 read
  270.0s      206          316.0          373.8    218.1    226.5    234.9    243.3 update
_elapsed___errors__ops/sec(inst)___ops/sec(cum)__p50(ms)__p95(ms)__p99(ms)_pMax(ms)
  271.0s      206         1224.3         1484.9     28.3     37.7     54.5     67.1 read
  271.0s      206          284.1          373.5    218.1    243.3    260.0    268.4 update
  272.0s      206         1216.3         1483.9     28.3     32.5     35.7     41.9 read
  272.0s      206          312.1          373.3    218.1    226.5    234.9    234.9 update
  273.0s      206         1148.3         1482.6     28.3     31.5     35.7     41.9 read
  273.0s      206          305.8          373.0    218.1    234.9    234.9    234.9 update
  274.0s      206         1170.9         1481.5     28.3     31.5     33.6     35.7 read
  274.0s      206          312.0          372.8    218.1    234.9    243.3    251.7 update
  275.0s      206         1180.8         1480.4     28.3     32.5     37.7     44.0 read
  275.0s      206          300.2          372.5    218.1    234.9    234.9    243.3 update
  276.0s      206         1138.1         1479.2     28.3     37.7     60.8     75.5 read
  276.0s      206          302.8          372.3    218.1    243.3    260.0    285.2 update
  277.0s      206         1174.5         1478.1     28.3     31.5     35.7     39.8 read
  277.0s      206          312.1          372.1    218.1    234.9    243.3    243.3 update
  278.0s      206         1238.4         1477.2     28.3     35.7     50.3     60.8 read
  278.0s      206          296.1          371.8    218.1    234.9    251.7    251.7 update
  279.0s      206         1289.7         1476.5     28.3     35.7     41.9     52.4 read
  279.0s      206          286.9          371.5    218.1    234.9    243.3    251.7 update
  280.0s      206         1161.7         1475.4     28.3     32.5     39.8     54.5 read
  280.0s      206          308.9          371.3    218.1    234.9    243.3    251.7 update
_elapsed___errors__ops/sec(inst)___ops/sec(cum)__p50(ms)__p95(ms)__p99(ms)_pMax(ms)
  281.0s      206         1150.4         1474.3     28.3     33.6     44.0     50.3 read
  281.0s      206          311.1          371.0    218.1    234.9    243.3    260.0 update
  282.0s      206         1283.8         1473.6     28.3     31.5     37.7     44.0 read
  282.0s      206          293.0          370.8    218.1    234.9    234.9    234.9 update
  283.0s      206         1244.6         1472.8     28.3     31.5     35.7     46.1 read
  283.0s      206          306.1          370.5    218.1    234.9    234.9    243.3 update
  284.0s      206         1112.9         1471.5     32.5     48.2     58.7     67.1 read
  284.0s      206          281.0          370.2    226.5    243.3    260.0    285.2 update
  285.0s      206          983.5         1469.8     39.8     79.7     96.5    285.2 read
  285.0s      206          227.9          369.7    243.3    302.0    318.8    335.5 update
  286.0s      206         1077.4         1468.4     33.6     56.6     71.3    104.9 read
  286.0s      206          263.1          369.3    234.9    260.0    268.4    285.2 update
  287.0s      206         1088.4         1467.1     28.3     32.5     41.9     58.7 read
  287.0s      206          323.8          369.2    218.1    234.9    260.0    260.0 update
  288.0s      206         1230.4         1466.3     28.3     31.5     33.6     39.8 read
  288.0s      206          295.1          368.9    218.1    234.9    234.9    251.7 update
  289.0s      206         1164.4         1465.2     29.4     37.7     44.0     50.3 read
  289.0s      206          305.1          368.7    218.1    234.9    243.3    260.0 update
  290.0s      206         1196.1         1464.3     28.3     37.7     41.9     50.3 read
  290.0s      206          279.0          368.4    226.5    243.3    260.0    268.4 update
_elapsed___errors__ops/sec(inst)___ops/sec(cum)__p50(ms)__p95(ms)__p99(ms)_pMax(ms)
  291.0s      206         1209.0         1463.4     28.3     39.8     50.3     60.8 read
  291.0s      206          302.0          368.2    218.1    243.3    251.7    268.4 update
  292.0s      206         1360.5         1463.1     28.3     31.5     35.7     46.1 read
  292.0s      206          280.9          367.9    218.1    234.9    234.9    234.9 update
  293.0s      206         1216.4         1462.2     28.3     37.7     50.3     58.7 read
  293.0s      206          292.9          367.6    218.1    243.3    251.7    260.0 update
  294.0s      206         1012.7         1460.7     28.3     31.5     35.7     44.0 read
  294.0s      206          334.2          367.5    218.1    226.5    234.9    234.9 update
  295.0s      206         1211.7         1459.9     28.3     32.5     35.7     41.9 read
  295.0s      206          302.9          367.3    218.1    234.9    234.9    234.9 update
  296.0s      206         1277.3         1459.2     28.3     33.6     37.7     46.1 read
  296.0s      206          300.1          367.1    218.1    234.9    243.3    251.7 update
  297.0s      206         1181.5         1458.3     29.4     46.1     60.8     88.1 read
  297.0s      206          276.9          366.8    218.1    243.3    251.7    260.0 update
  298.0s      206         1063.6         1457.0     32.5     48.2     62.9     88.1 read
  298.0s      206          271.1          366.4    243.3    260.0    285.2    302.0 update
  299.0s      206         1094.9         1455.8     30.4     44.0     52.4     60.8 read
  299.0s      206          287.0          366.2    234.9    260.0    268.4    302.0 update
  300.0s      206         1278.0         1455.2     28.3     31.5     37.7     41.9 read
  300.0s      206          302.0          366.0    218.1    226.5    234.9    234.9 update
_elapsed___errors__ops/sec(inst)___ops/sec(cum)__p50(ms)__p95(ms)__p99(ms)_pMax(ms)
  301.0s      206         1212.8         1454.4     28.3     35.7     41.9     56.6 read
  301.0s      206          294.9          365.7    218.1    234.9    234.9    243.3 update
  302.0s      206         1232.0         1453.6     28.3     31.5     41.9     52.4 read
  302.0s      206          304.0          365.5    218.1    234.9    234.9    243.3 update
  303.0s      206         1216.5         1452.8     28.3     32.5     37.7     52.4 read
  303.0s      206          298.1          365.3    218.1    234.9    234.9    234.9 update
  304.0s      206         1104.6         1451.7     28.3     32.5     35.7     46.1 read
  304.0s      206          305.9          365.1    226.5    234.9    243.3    251.7 update
  305.0s      206         1200.1         1450.9     28.3     31.5     37.7     46.1 read
  305.0s      206          304.0          364.9    218.1    234.9    243.3    251.7 update
  306.0s      206         1127.9         1449.8     29.4     37.7     52.4     60.8 read
  306.0s      206          300.0          364.7    226.5    234.9    243.3    251.7 update
  307.0s      206         1259.1         1449.2     28.3     33.6     46.1     56.6 read
  307.0s      206          283.0          364.4    234.9    243.3    251.7    260.0 update
  308.0s      206         1091.7         1448.0     29.4     48.2     65.0    335.5 read
  308.0s      206          270.9          364.1    243.3    268.4    302.0    318.8 update
  309.0s      206         1306.7         1447.6     28.3     35.7     41.9     50.3 read
  309.0s      206          277.9          363.8    218.1    234.9    243.3    243.3 update
  310.0s      206         1239.9         1446.9     28.3     35.7     44.0     50.3 read
  310.0s      206          298.2          363.6    226.5    234.9    243.3    260.0 update
_elapsed___errors__ops/sec(inst)___ops/sec(cum)__p50(ms)__p95(ms)__p99(ms)_pMax(ms)
  311.0s      206         1207.3         1446.1     28.3     37.7     50.3     60.8 read
  311.0s      206          288.8          363.4    226.5    243.3    251.7    260.0 update
  312.0s      206         1244.5         1445.5     28.3     31.5     35.7     48.2 read
  312.0s      206          299.1          363.2    218.1    234.9    243.3    243.3 update
  313.0s      206         1207.3         1444.7     28.3     32.5     37.7     44.0 read
  313.0s      206          306.1          363.0    218.1    226.5    234.9    234.9 update
  314.0s      206         1224.4         1444.0     28.3     31.5     33.6     44.0 read
  314.0s      206          306.8          362.8    218.1    226.5    234.9    243.3 update
  315.0s      206         1312.5         1443.6     28.3     31.5     35.7     41.9 read
  315.0s      206          296.1          362.6    218.1    234.9    234.9    234.9 update
  316.0s      206         1257.2         1443.0     28.3     33.6     37.7     52.4 read
  316.0s      206          296.8          362.4    218.1    226.5    234.9    234.9 update
  317.0s      206         1207.8         1442.3     28.3     33.6     37.7     48.2 read
  317.0s      206          294.2          362.2    218.1    234.9    243.3    251.7 update
  318.0s      206         1245.9         1441.7     28.3     33.6     39.8     48.2 read
  318.0s      206          302.0          362.0    218.1    234.9    243.3    251.7 update
  319.0s      206         1228.1         1441.0     28.3     32.5     37.7     39.8 read
  319.0s      206          302.0          361.8    218.1    226.5    234.9    234.9 update
  320.0s      206         1188.0         1440.2     28.3     32.5     39.8     54.5 read
  320.0s      206          311.0          361.6    218.1    234.9    234.9    243.3 update
_elapsed___errors__ops/sec(inst)___ops/sec(cum)__p50(ms)__p95(ms)__p99(ms)_pMax(ms)
  321.0s      206         1128.2         1439.2     28.3     39.8     50.3     65.0 read
  321.0s      206          295.8          361.4    218.1    243.3    251.7    260.0 update
  322.0s      206         1220.9         1438.6     28.3     37.7     50.3     67.1 read
  322.0s      206          308.0          361.3    218.1    234.9    251.7    251.7 update
  323.0s      206         1259.4         1438.0     28.3     33.6     39.8     54.5 read
  323.0s      206          293.1          361.1    218.1    234.9    243.3    243.3 update
  324.0s      206         1123.0         1437.0     28.3     32.5     37.7     48.2 read
  324.0s      206          316.0          360.9    218.1    234.9    234.9    243.3 update
  325.0s      206         1287.3         1436.6     28.3     31.5     35.7     46.1 read
  325.0s      206          295.1          360.7    218.1    234.9    234.9    243.3 update
  326.0s      206         1263.9         1436.0     28.3     33.6     41.9     58.7 read
  326.0s      206          299.0          360.5    218.1    234.9    243.3    268.4 update
  327.0s      206         1195.1         1435.3     28.3     35.7     41.9     54.5 read
  327.0s      206          305.0          360.4    218.1    234.9    234.9    234.9 update
  328.0s      206         1223.0         1434.7     28.3     32.5     37.7     50.3 read
  328.0s      206          300.0          360.2    218.1    234.9    243.3    243.3 update
  329.0s      206         1206.2         1434.0     28.3     31.5     35.7     46.1 read
  329.0s      206          303.1          360.0    218.1    226.5    234.9    234.9 update
  330.0s      206         1191.1         1433.2     28.3     35.7     39.8     44.0 read
  330.0s      206          299.8          359.8    218.1    234.9    251.7    260.0 update
_elapsed___errors__ops/sec(inst)___ops/sec(cum)__p50(ms)__p95(ms)__p99(ms)_pMax(ms)
  331.0s      206         1247.1         1432.7     28.3     35.7     44.0     54.5 read
  331.0s      206          294.0          359.6    218.1    234.9    243.3    243.3 update
  332.0s      206         1128.7         1431.7     31.5     60.8     75.5    104.9 read
  332.0s      206          256.2          359.3    226.5    285.2    302.0    318.8 update
  333.0s      206         1147.6         1430.9     31.5     48.2     60.8     75.5 read
  333.0s      206          278.9          359.1    226.5    243.3    251.7    260.0 update
  334.0s      206         1194.5         1430.2     31.5     44.0     50.3     56.6 read
  334.0s      206          276.1          358.8    226.5    243.3    260.0    260.0 update
  335.0s      206         1224.3         1429.6     30.4     44.0     54.5     71.3 read
  335.0s      206          271.9          358.6    226.5    251.7    268.4    285.2 update
  336.0s      206         1315.4         1429.2     28.3     33.6     37.7     60.8 read
  336.0s      206          290.1          358.4    218.1    234.9    251.7    260.0 update
  337.0s      206         1264.7         1428.7     28.3     35.7     41.9     48.2 read
  337.0s      206          285.9          358.1    218.1    234.9    243.3    251.7 update
  338.0s      206         1100.4         1427.8     28.3     31.5     37.7     44.0 read
  338.0s      206          309.8          358.0    218.1    234.9    234.9    243.3 update
  339.0s      206         1258.3         1427.3     28.3     32.5     35.7     44.0 read
  339.0s      206          299.1          357.8    218.1    234.9    234.9    234.9 update
  340.0s      206         1241.2         1426.7     28.3     33.6     37.7     71.3 read
  340.0s      206          289.0          357.6    218.1    234.9    234.9    243.3 update
_elapsed___errors__ops/sec(inst)___ops/sec(cum)__p50(ms)__p95(ms)__p99(ms)_pMax(ms)
  341.0s      206         1307.2         1426.4     28.3     35.7     44.0     71.3 read
  341.0s      206          300.0          357.5    218.1    243.3    251.7    260.0 update
  342.0s      206         1104.1         1425.4     28.3     31.5     35.7     39.8 read
  342.0s      206          318.0          357.3    218.1    234.9    234.9    243.3 update
  343.0s      206         1239.3         1424.9     28.3     31.5     35.7     39.8 read
  343.0s      206          301.1          357.2    218.1    234.9    234.9    243.3 update
  344.0s      206         1283.3         1424.5     28.3     31.5     35.7     52.4 read
  344.0s      206          293.1          357.0    218.1    234.9    234.9    243.3 update
  345.0s      206         1194.8         1423.8     28.3     32.5     37.7     44.0 read
  345.0s      206          299.0          356.8    218.1    234.9    234.9    243.3 update
  346.0s      206         1228.0         1423.2     28.3     35.7     41.9     71.3 read
  346.0s      206          302.8          356.7    218.1    243.3    251.7    260.0 update
  347.0s      206         1246.3         1422.7     28.3     35.7     41.9     48.2 read
  347.0s      206          281.1          356.4    218.1    234.9    243.3    243.3 update
  348.0s      206         1213.6         1422.1     28.3     32.5     35.7     52.4 read
  348.0s      206          307.2          356.3    218.1    234.9    234.9    243.3 update
  349.0s      206         1284.7         1421.7     28.3     37.7     46.1     52.4 read
  349.0s      206          283.9          356.1    218.1    234.9    243.3    243.3 update
  350.0s      206         1186.7         1421.1     28.3     32.5     41.9     54.5 read
  350.0s      206          300.9          355.9    218.1    234.9    251.7    260.0 update
_elapsed___errors__ops/sec(inst)___ops/sec(cum)__p50(ms)__p95(ms)__p99(ms)_pMax(ms)
  351.0s      206         1208.3         1420.5     28.3     44.0     54.5     62.9 read
  351.0s      206          289.1          355.7    234.9    243.3    251.7    260.0 update
  352.0s      206         1163.6         1419.7     28.3     33.6     41.9     48.2 read
  352.0s      206          291.1          355.6    226.5    234.9    243.3    243.3 update
  353.0s      206         1090.3         1418.8     28.3     30.4     32.5     46.1 read
  353.0s      206          311.8          355.4    234.9    243.3    243.3    251.7 update
  354.0s      206         1193.2         1418.2     28.3     31.5     35.7     37.7 read
  354.0s      206          285.0          355.2    234.9    234.9    243.3    243.3 update
  355.0s      206         1134.1         1417.4     28.3     31.5     33.6     35.7 read
  355.0s      206          308.0          355.1    226.5    234.9    243.3    243.3 update
  356.0s      206         1192.6         1416.7     28.3     31.5     39.8     50.3 read
  356.0s      206          291.2          354.9    234.9    243.3    251.7    251.7 update
  357.0s      206         1191.0         1416.1     29.4     52.4     62.9     83.9 read
  357.0s      206          268.8          354.7    234.9    268.4    285.2    469.8 update
  358.0s      206         1247.6         1415.6     28.3     33.6     39.8     60.8 read
  358.0s      206          286.1          354.5    218.1    234.9    243.3    251.7 update
  359.0s      206         1271.5         1415.2     28.3     33.6     41.9     52.4 read
  359.0s      206          291.9          354.3    218.1    234.9    243.3    243.3 update
  360.0s      206         1156.9         1414.5     28.3     33.6     35.7     46.1 read
  360.0s      206          308.2          354.2    218.1    234.9    234.9    243.3 update
_elapsed___errors__ops/sec(inst)___ops/sec(cum)__p50(ms)__p95(ms)__p99(ms)_pMax(ms)
  361.0s      206         1127.0         1413.7     28.3     39.8     56.6     75.5 read
  361.0s      206          302.7          354.1    218.1    243.3    260.0    268.4 update
  362.0s      206         1207.9         1413.1     28.3     37.7     44.0     50.3 read
  362.0s      206          287.2          353.9    226.5    243.3    260.0    260.0 update
  363.0s      206         1104.1         1412.3     30.4     39.8     46.1     54.5 read
  363.0s      206          289.8          353.7    226.5    251.7    251.7    268.4 update
  364.0s      206         1170.2         1411.6     31.5     44.0     50.3     56.6 read
  364.0s      206          272.3          353.5    234.9    251.7    268.4    285.2 update
  365.0s      206         1181.1         1411.0     30.4     39.8     46.1     67.1 read
  365.0s      206          278.8          353.3    226.5    251.7    260.0    260.0 update
  366.0s      206         1175.7         1410.4     28.3     41.9     50.3    117.4 read
  366.0s      206          292.2          353.1    218.1    234.9    243.3    251.7 update
  367.0s      206         1105.6         1409.5     28.3     33.6     39.8     54.5 read
  367.0s      206          322.9          353.0    218.1    234.9    243.3    251.7 update
  368.0s      206         1260.6         1409.1     28.3     32.5     35.7     41.9 read
  368.0s      206          290.9          352.8    218.1    234.9    234.9    234.9 update
  369.0s      206         1159.2         1408.4     28.3     37.7     50.3     65.0 read
  369.0s      206          295.1          352.7    218.1    234.9    260.0    268.4 update
  370.0s      206         1217.5         1407.9     28.3     33.6     44.0     62.9 read
  370.0s      206          314.1          352.6    218.1    234.9    243.3    251.7 update
_elapsed___errors__ops/sec(inst)___ops/sec(cum)__p50(ms)__p95(ms)__p99(ms)_pMax(ms)
  371.0s      206         1188.3         1407.3     28.3     35.7     44.0     54.5 read
  371.0s      206          303.8          352.5    218.1    243.3    243.3    251.7 update
  372.0s      206         1167.8         1406.7     28.3     30.4     31.5     46.1 read
  372.0s      206          312.2          352.3    218.1    226.5    234.9    234.9 update
  373.0s      206         1153.4         1406.0     28.3     30.4     35.7     48.2 read
  373.0s      206          313.8          352.2    218.1    226.5    243.3    503.3 update
  374.0s      206         1257.8         1405.6     28.3     32.5     44.0     65.0 read
  374.0s      206          292.2          352.1    218.1    234.9    243.3    285.2 update
  375.0s      206         1252.1         1405.2     28.3     31.5     35.7     44.0 read
  375.0s      206          304.0          352.0    218.1    234.9    243.3    402.7 update
  376.0s      206         1163.1         1404.6     28.3     33.6     41.9     50.3 read
  376.0s      206          307.8          351.8    218.1    226.5    234.9    243.3 update
  377.0s      206         1152.0         1403.9     28.3     37.7     46.1     60.8 read
  377.0s      206          310.0          351.7    218.1    243.3    251.7    352.3 update
  378.0s      206         1094.8         1403.1     28.3     32.5     35.7     37.7 read
  378.0s      206          317.2          351.6    218.1    234.9    243.3    251.7 update
  379.0s      206         1169.5         1402.5     29.4     37.7     46.1     58.7 read
  379.0s      206          288.9          351.5    218.1    234.9    243.3    536.9 update
  380.0s      206         1281.0         1402.1     28.3     35.7     44.0     48.2 read
  380.0s      206          298.0          351.3    218.1    234.9    243.3    243.3 update
_elapsed___errors__ops/sec(inst)___ops/sec(cum)__p50(ms)__p95(ms)__p99(ms)_pMax(ms)
  381.0s      206         1061.3         1401.2     29.4     54.5     71.3    260.0 read
  381.0s      206          278.1          351.1    226.5    268.4    285.2    302.0 update
  382.0s      206         1224.0         1400.8     28.3     32.5     37.7     44.0 read
  382.0s      206          303.0          351.0    218.1    234.9    243.3    369.1 update
  383.0s      206         1201.9         1400.3     28.3     31.5     35.7     44.0 read
  383.0s      206          310.0          350.9    218.1    226.5    234.9    234.9 update
  384.0s      206         1150.7         1399.6     28.3     32.5     37.7     46.1 read
  384.0s      206          304.9          350.8    218.1    234.9    285.2    385.9 update
  385.0s      206         1192.3         1399.1     28.3     32.5     35.7     44.0 read
  385.0s      206          296.1          350.6    218.1    234.9    243.3    243.3 update
  386.0s      206         1195.9         1398.5     28.3     35.7     39.8     52.4 read
  386.0s      206          307.0          350.5    218.1    234.9    243.3    285.2 update
  387.0s      206         1205.2         1398.0     29.4     35.7     41.9     52.4 read
  387.0s      206          292.8          350.4    218.1    234.9    285.2    570.4 update
  388.0s      206         1131.9         1397.4     28.3     32.5     35.7     41.9 read
  388.0s      206          319.3          350.3    218.1    234.9    234.9    243.3 update
  389.0s      206         1278.3         1397.1     28.3     31.5     35.7     46.1 read
  389.0s      206          296.8          350.2    218.1    234.9    243.3    302.0 update
  390.0s      206         1246.7         1396.7     28.3     35.7     39.8     58.7 read
  390.0s      206          291.2          350.0    218.1    234.9    234.9    385.9 update
_elapsed___errors__ops/sec(inst)___ops/sec(cum)__p50(ms)__p95(ms)__p99(ms)_pMax(ms)
  391.0s      206         1136.5         1396.0     28.3     35.7     41.9     52.4 read
  391.0s      206          305.9          349.9    218.1    234.9    243.3    352.3 update
  392.0s      206         1241.5         1395.6     28.3     32.5     35.7     46.1 read
  392.0s      206          300.1          349.8    218.1    234.9    234.9    234.9 update
  393.0s      206         1248.0         1395.2     28.3     31.5     41.9     52.4 read
  393.0s      206          302.0          349.6    218.1    234.9    234.9    234.9 update
  394.0s      206         1161.3         1394.6     28.3     31.5     35.7     44.0 read
  394.0s      206          302.8          349.5    218.1    234.9    243.3    243.3 update
  395.0s      206         1205.6         1394.2     28.3     39.8     52.4     67.1 read
  395.0s      206          300.2          349.4    218.1    234.9    243.3    251.7 update
  396.0s      206         1301.9         1393.9     28.3     33.6     37.7     44.0 read
  396.0s      206          295.0          349.3    218.1    234.9    234.9    243.3 update
  397.0s      206         1182.9         1393.4     28.3     32.5     37.7     48.2 read
  397.0s      206          300.0          349.1    218.1    234.9    243.3    251.7 update
  398.0s      206         1303.9         1393.2     28.3     32.5     35.7     41.9 read
  398.0s      206          297.0          349.0    218.1    234.9    234.9    243.3 update
  399.0s      206         1277.5         1392.9     28.3     35.7     41.9     58.7 read
  399.0s      206          283.1          348.8    218.1    234.9    243.3    260.0 update
  400.0s      206         1223.7         1392.5     28.3     33.6     39.8     48.2 read
  400.0s      206          306.9          348.7    218.1    234.9    234.9    243.3 update
_elapsed___errors__ops/sec(inst)___ops/sec(cum)__p50(ms)__p95(ms)__p99(ms)_pMax(ms)
  401.0s      206         1175.7         1391.9     28.3     35.7     41.9     46.1 read
  401.0s      206          299.9          348.6    218.1    234.9    234.9    243.3 update
  402.0s      206         1160.5         1391.3     28.3     32.5     35.7     44.0 read
  402.0s      206          314.1          348.5    218.1    234.9    234.9    243.3 update
  403.0s      206         1201.0         1390.9     28.3     31.5     35.7     41.9 read
  403.0s      206          303.7          348.4    218.1    234.9    234.9    234.9 update
  404.0s      206         1204.1         1390.4     28.3     31.5     35.7     39.8 read
  404.0s      206          299.0          348.3    218.1    226.5    234.9    234.9 update
  405.0s      206         1260.5         1390.1     28.3     31.5     37.7     44.0 read
  405.0s      206          302.1          348.2    218.1    226.5    234.9    234.9 update
  406.0s      206         1129.5         1389.4     29.4     46.1     54.5     65.0 read
  406.0s      206          295.1          348.1    226.5    243.3    251.7    260.0 update
  407.0s      206         1173.3         1388.9     28.3     32.5     39.8     46.1 read
  407.0s      206          305.8          348.0    218.1    234.9    251.7    260.0 update
  408.0s      206         1261.7         1388.6     28.3     30.4     32.5     37.7 read
  408.0s      206          307.2          347.9    218.1    226.5    234.9    419.4 update
  409.0s      206         1219.1         1388.2     28.3     31.5     35.7     46.1 read
  409.0s      206          297.0          347.7    218.1    234.9    251.7    251.7 update
  410.0s      206         1218.6         1387.8     28.3     32.5     41.9     46.1 read
  410.0s      206          308.9          347.6    218.1    234.9    318.8    385.9 update
_elapsed___errors__ops/sec(inst)___ops/sec(cum)__p50(ms)__p95(ms)__p99(ms)_pMax(ms)
  411.0s      206         1034.4         1386.9     31.5     54.5     71.3    117.4 read
  411.0s      206          290.1          347.5    218.1    243.3    260.0    486.5 update
  412.0s      206         1181.3         1386.4     35.7     54.5     71.3     83.9 read
  412.0s      206          253.9          347.3    226.5    268.4    285.2    469.8 update
  413.0s      206         1000.8         1385.5     37.7     67.1     79.7    104.9 read
  413.0s      206          243.0          347.0    234.9    268.4    285.2    369.1 update
  414.0s      206         1071.3         1384.7     29.4     58.7     79.7    130.0 read
  414.0s      206          274.1          346.8    234.9    251.7    352.3    520.1 update
  415.0s      206         1264.2         1384.4     28.3     30.4     32.5     37.7 read
  415.0s      206          294.1          346.7    226.5    234.9    243.3    243.3 update
  416.0s      206         1219.3         1384.0     28.3     32.5     39.8     48.2 read
  416.0s      206          288.1          346.6    226.5    243.3    243.3    243.3 update
  417.0s      206         1218.0         1383.6     28.3     33.6     37.7     44.0 read
  417.0s      206          290.0          346.4    226.5    234.9    243.3    402.7 update
  418.0s      206         1131.6         1383.0     28.3     32.5     39.8     48.2 read
  418.0s      206          290.9          346.3    226.5    234.9    243.3    251.7 update
  419.0s      206         1198.3         1382.6     28.3     33.6     39.8     52.4 read
  419.0s      206          289.1          346.2    226.5    243.3    243.3    243.3 update
  420.0s      206         1093.9         1381.9     28.3     32.5     39.8     44.0 read
  420.0s      206          308.0          346.1    226.5    234.9    243.3    243.3 update
_elapsed___errors__ops/sec(inst)___ops/sec(cum)__p50(ms)__p95(ms)__p99(ms)_pMax(ms)
  421.0s      206         1111.0         1381.3     28.3     39.8     58.7     83.9 read
  421.0s      206          289.0          345.9    226.5    243.3    260.0    285.2 update
  422.0s      206         1182.2         1380.8     28.3     31.5     35.7     39.8 read
  422.0s      206          299.1          345.8    226.5    234.9    243.3    243.3 update
  423.0s      206         1241.4         1380.5     28.3     30.4     31.5     37.7 read
  423.0s      206          289.9          345.7    226.5    234.9    234.9    243.3 update
  424.0s      206         1142.4         1379.9     28.3     32.5     50.3     62.9 read
  424.0s      206          295.1          345.6    226.5    243.3    260.0    260.0 update
  425.0s      206         1203.1         1379.5     28.3     30.4     33.6     39.8 read
  425.0s      206          294.0          345.5    226.5    234.9    234.9    243.3 update
  426.0s      206         1209.5         1379.1     28.3     33.6     41.9     71.3 read
  426.0s      206          284.9          345.3    226.5    243.3    251.7    260.0 update
  427.0s      206         1188.4         1378.6     28.3     35.7     44.0     58.7 read
  427.0s      206          286.1          345.2    234.9    251.7    251.7    260.0 update
  428.0s      206         1196.8         1378.2     28.3     32.5     39.8     52.4 read
  428.0s      206          294.0          345.1    226.5    234.9    243.3    251.7 update
  429.0s      206         1234.6         1377.9     28.3     31.5     33.6     37.7 read
  429.0s      206          285.9          344.9    226.5    234.9    243.3    243.3 update
  430.0s      206         1184.6         1377.4     29.4     44.0     52.4     65.0 read
  430.0s      206          273.1          344.7    234.9    260.0    285.2    302.0 update
_elapsed___errors__ops/sec(inst)___ops/sec(cum)__p50(ms)__p95(ms)__p99(ms)_pMax(ms)
  431.0s      206         1086.7         1376.8     32.5     50.3     71.3     88.1 read
  431.0s      206          256.9          344.5    243.3    268.4    285.2    302.0 update
  432.0s      206         1134.0         1376.2     30.4     44.0     50.3     62.9 read
  432.0s      206          271.0          344.4    234.9    251.7    260.0    268.4 update
  433.0s      206         1177.8         1375.7     28.3     32.5     39.8     48.2 read
  433.0s      206          296.0          344.3    226.5    234.9    243.3    251.7 update
  434.0s      206         1208.9         1375.3     28.3     32.5     35.7     39.8 read
  434.0s      206          286.0          344.1    226.5    234.9    243.3    243.3 update
  435.0s      206         1209.7         1375.0     28.3     30.4     35.7     37.7 read
  435.0s      206          298.2          344.0    226.5    234.9    243.3    243.3 update
  436.0s      206         1204.4         1374.6     28.3     32.5     37.7     44.0 read
  436.0s      206          289.9          343.9    226.5    234.9    243.3    243.3 update
  437.0s      206         1205.8         1374.2     28.3     32.5     37.7     46.1 read
  437.0s      206          290.0          343.8    226.5    234.9    243.3    251.7 update
  438.0s      206         1241.8         1373.9     28.3     30.4     33.6     37.7 read
  438.0s      206          285.2          343.6    226.5    234.9    243.3    243.3 update
  439.0s      206         1222.5         1373.5     28.3     39.8     52.4     65.0 read
  439.0s      206          276.9          343.5    226.5    251.7    260.0    268.4 update
  440.0s      206         1204.4         1373.2     28.3     35.7     44.0     54.5 read
  440.0s      206          291.1          343.4    226.5    243.3    243.3    251.7 update
_elapsed___errors__ops/sec(inst)___ops/sec(cum)__p50(ms)__p95(ms)__p99(ms)_pMax(ms)
  441.0s      206         1215.5         1372.8     28.3     33.6     48.2     75.5 read
  441.0s      206          280.9          343.2    226.5    243.3    251.7    260.0 update
  442.0s      206         1206.5         1372.4     28.3     32.5     35.7     41.9 read
  442.0s      206          287.1          343.1    226.5    234.9    243.3    251.7 update
  443.0s      206         1088.9         1371.8     28.3     31.5     37.7     58.7 read
  443.0s      206          307.0          343.0    226.5    243.3    251.7    260.0 update
  444.0s      206         1275.8         1371.6     28.3     32.5     37.7     46.1 read
  444.0s      206          282.0          342.9    226.5    234.9    243.3    243.3 update
  445.0s      206         1088.2         1370.9     28.3     31.5     33.6     41.9 read
  445.0s      206          311.1          342.8    226.5    234.9    243.3    243.3 update
  446.0s      206         1132.6         1370.4     28.3     37.7     52.4     79.7 read
  446.0s      206          288.9          342.7    226.5    243.3    251.7    268.4 update
  447.0s      206         1119.8         1369.8     28.3     32.5     37.7     44.0 read
  447.0s      206          303.0          342.6    226.5    234.9    243.3    243.3 update
  448.0s      206         1136.2         1369.3     28.3     31.5     35.7     48.2 read
  448.0s      206          302.1          342.5    226.5    234.9    234.9    243.3 update
  449.0s      206         1205.5         1369.0     28.3     32.5     35.7     41.9 read
  449.0s      206          291.1          342.4    226.5    234.9    243.3    243.3 update
  450.0s      206         1167.5         1368.5     28.3     32.5     37.7     44.0 read
  450.0s      206          290.9          342.3    226.5    234.9    243.3    251.7 update
_elapsed___errors__ops/sec(inst)___ops/sec(cum)__p50(ms)__p95(ms)__p99(ms)_pMax(ms)
  451.0s      206         1155.4         1368.0     28.3     35.7     41.9     52.4 read
  451.0s      206          290.1          342.2    234.9    234.9    251.7    260.0 update
  452.0s      206         1128.0         1367.5     28.3     30.4     32.5     41.9 read
  452.0s      206          300.0          342.1    226.5    234.9    234.9    243.3 update
  453.0s      206         1195.6         1367.1     28.3     32.5     37.7     52.4 read
  453.0s      206          294.9          342.0    226.5    234.9    251.7    251.7 update
  454.0s      206         1169.1         1366.7     28.3     32.5     58.7     62.9 read
  454.0s      206          293.0          341.9    226.5    243.3    260.0    260.0 update
  455.0s      206         1042.5         1366.0     30.4     41.9     50.3     58.7 read
  455.0s      206          280.9          341.7    234.9    260.0    268.4    570.4 update
  456.0s      206         1116.9         1365.4     28.3     37.7     54.5     92.3 read
  456.0s      206          299.2          341.6    226.5    251.7    260.0    268.4 update
  457.0s      206         1241.3         1365.2     28.3     35.7     39.8     48.2 read
  457.0s      206          280.8          341.5    234.9    243.3    243.3    251.7 update
  458.0s      206         1174.0         1364.7     28.3     33.6     37.7     48.2 read
  458.0s      206          289.0          341.4    226.5    234.9    243.3    251.7 update
  459.0s      206         1031.8         1364.0     31.5     52.4     67.1     83.9 read
  459.0s      206          279.2          341.2    234.9    260.0    268.4    285.2 update
  460.0s      206          980.7         1363.2     31.5     44.0     58.7     75.5 read
  460.0s      206          282.9          341.1    234.9    268.4    285.2    318.8 update
_elapsed___errors__ops/sec(inst)___ops/sec(cum)__p50(ms)__p95(ms)__p99(ms)_pMax(ms)
  461.0s      206         1067.4         1362.5     32.5     50.3     62.9     88.1 read
  461.0s      206          265.9          341.0    243.3    268.4    285.2    302.0 update
  462.0s      206         1145.8         1362.1     28.3     41.9     50.3     60.8 read
  462.0s      206          285.2          340.8    234.9    243.3    260.0    285.2 update
  463.0s      206         1198.6         1361.7     28.3     30.4     32.5     39.8 read
  463.0s      206          293.9          340.7    226.5    234.9    234.9    243.3 update
  464.0s      206         1224.5         1361.4     28.3     32.5     39.8     58.7 read
  464.0s      206          285.9          340.6    226.5    243.3    260.0    268.4 update
  465.0s      206         1147.7         1361.0     28.3     31.5     37.7     48.2 read
  465.0s      206          293.2          340.5    226.5    234.9    243.3    243.3 update
  466.0s      206         1187.8         1360.6     28.3     39.8     50.3     67.1 read
  466.0s      206          285.7          340.4    226.5    251.7    260.0    260.0 update
  467.0s      206         1096.3         1360.0     28.3     35.7     41.9     48.2 read
  467.0s      206          299.1          340.3    234.9    243.3    335.5    419.4 update
  468.0s      206         1124.6         1359.5     28.3     32.5     37.7     44.0 read
  468.0s      206          296.1          340.2    226.5    243.3    251.7    402.7 update
  469.0s      206         1225.0         1359.2     28.3     33.6     50.3     56.6 read
  469.0s      206          285.0          340.1    226.5    243.3    260.0    436.2 update
  470.0s      206         1136.5         1358.8     28.3     32.5     35.7     44.0 read
  470.0s      206          293.9          340.0    226.5    234.9    243.3    402.7 update
_elapsed___errors__ops/sec(inst)___ops/sec(cum)__p50(ms)__p95(ms)__p99(ms)_pMax(ms)
  471.0s      206         1109.5         1358.2     28.3     37.7     50.3     79.7 read
  471.0s      206          301.1          339.9    226.5    251.7    285.2    352.3 update
  472.0s      206         1216.4         1357.9     28.3     32.5     35.7     39.8 read
  472.0s      206          284.1          339.8    226.5    234.9    234.9    302.0 update
  473.0s      206         1086.6         1357.4     28.3     31.5     33.6     37.7 read
  473.0s      206          308.9          339.7    226.5    234.9    243.3    318.8 update
  474.0s      206         1188.5         1357.0     28.3     31.5     35.7     39.8 read
  474.0s      206          291.1          339.6    226.5    234.9    302.0    385.9 update
  475.0s      206         1162.3         1356.6     28.3     30.4     33.6     39.8 read
  475.0s      206          296.8          339.5    226.5    234.9    243.3    402.7 update
  476.0s      206         1167.1         1356.2     28.3     35.7     52.4     71.3 read
  476.0s      206          289.0          339.4    226.5    260.0    302.0    536.9 update
  477.0s      206         1213.7         1355.9     28.3     35.7     41.9     54.5 read
  477.0s      206          284.2          339.3    226.5    243.3    251.7    251.7 update
  478.0s      206         1142.1         1355.4     28.3     31.5     39.8     52.4 read
  478.0s      206          297.8          339.2    226.5    243.3    251.7    302.0 update
  479.0s      206         1209.0         1355.1     28.3     31.5     33.6     37.7 read
  479.0s      206          296.2          339.1    226.5    234.9    243.3    260.0 update
  480.0s      206         1076.9         1354.6     28.3     39.8     50.3     65.0 read
  480.0s      206          289.0          339.0    234.9    260.0    268.4    285.2 update
_elapsed___errors__ops/sec(inst)___ops/sec(cum)__p50(ms)__p95(ms)__p99(ms)_pMax(ms)
  481.0s      206         1173.8         1354.2     29.4     46.1     58.7     88.1 read
  481.0s      206          275.9          338.9    234.9    251.7    268.4    469.8 update
  482.0s      206         1157.0         1353.8     28.3     31.5     35.7     44.0 read
  482.0s      206          298.0          338.8    226.5    234.9    234.9    243.3 update
  483.0s      206         1200.7         1353.5     28.3     37.7     48.2     56.6 read
  483.0s      206          286.9          338.7    226.5    243.3    251.7    251.7 update
  484.0s      206         1179.6         1353.1     28.3     33.6     39.8     50.3 read
  484.0s      206          294.1          338.6    226.5    234.9    251.7    260.0 update
  485.0s      206         1192.9         1352.8     28.3     31.5     41.9     50.3 read
  485.0s      206          291.0          338.5    226.5    234.9    251.7    251.7 update
  486.0s      206         1133.1         1352.3     28.3     35.7     44.0     62.9 read
  486.0s      206          297.0          338.4    226.5    243.3    251.7    260.0 update
  487.0s      206         1291.4         1352.2     28.3     35.7     37.7     44.0 read
  487.0s      206          271.9          338.3    226.5    234.9    251.7    251.7 update
  488.0s      206         1237.5         1352.0     28.3     31.5     39.8     52.4 read
  488.0s      206          292.1          338.2    226.5    234.9    243.3    243.3 update
  489.0s      206         1208.9         1351.7     28.3     32.5     35.7     41.9 read
  489.0s      206          289.0          338.1    226.5    234.9    234.9    243.3 update
  490.0s      206         1141.5         1351.2     28.3     31.5     33.6     39.8 read
  490.0s      206          294.9          338.0    226.5    234.9    243.3    251.7 update
_elapsed___errors__ops/sec(inst)___ops/sec(cum)__p50(ms)__p95(ms)__p99(ms)_pMax(ms)
  491.0s      206         1205.0         1350.9     28.3     35.7     41.9     52.4 read
  491.0s      206          291.0          337.9    234.9    243.3    251.7    251.7 update
  492.0s      206         1218.4         1350.7     28.3     30.4     32.5     44.0 read
  492.0s      206          289.1          337.8    226.5    234.9    234.9    243.3 update
  493.0s      206         1230.3         1350.4     28.3     30.4     33.6     37.7 read
  493.0s      206          294.1          337.7    226.5    234.9    234.9    243.3 update
  494.0s      206         1200.4         1350.1     28.3     31.5     35.7     46.1 read
  494.0s      206          289.8          337.6    226.5    234.9    243.3    243.3 update
  495.0s      206         1195.0         1349.8     28.3     35.7     39.8     44.0 read
  495.0s      206          295.0          337.6    226.5    234.9    243.3    251.7 update
  496.0s      206         1056.6         1349.2     28.3     33.6     44.0     79.7 read
  496.0s      206          301.2          337.5    226.5    243.3    260.0    285.2 update
  497.0s      206         1201.9         1348.9     30.4     39.8     52.4     65.0 read
  497.0s      206          272.0          337.3    234.9    251.7    260.0    260.0 update
  498.0s      206         1048.2         1348.3     30.4     41.9     46.1     54.5 read
  498.0s      206          287.8          337.2    234.9    251.7    260.0    260.0 update
  499.0s      206         1140.1         1347.9     32.5     46.1     58.7     71.3 read
  499.0s      206          250.0          337.1    243.3    251.7    260.0    268.4 update
  500.0s      206         1061.9         1347.3     32.5     46.1     52.4     62.9 read
  500.0s      206          278.2          337.0    243.3    251.7    268.4    285.2 update
_elapsed___errors__ops/sec(inst)___ops/sec(cum)__p50(ms)__p95(ms)__p99(ms)_pMax(ms)
  501.0s      206         1092.3         1346.8     29.4     41.9     50.3     58.7 read
  501.0s      206          280.8          336.8    234.9    251.7    260.0    268.4 update
  502.0s      206         1167.7         1346.5     28.3     31.5     35.7     37.7 read
  502.0s      206          293.9          336.8    226.5    234.9    243.3    251.7 update
  503.0s      206         1232.5         1346.2     28.3     30.4     32.5     39.8 read
  503.0s      206          301.1          336.7    226.5    234.9    243.3    243.3 update
  504.0s      206         1137.8         1345.8     28.3     32.5     37.7     52.4 read
  504.0s      206          290.9          336.6    226.5    234.9    243.3    251.7 update
  505.0s      206         1225.4         1345.6     28.3     33.6     39.8     50.3 read
  505.0s      206          290.1          336.5    226.5    234.9    243.3    260.0 update
  506.0s      206         1039.3         1345.0     29.4     71.3    113.2    151.0 read
  506.0s      206          258.8          336.3    234.9    285.2    335.5    352.3 update
  507.0s      206         1146.0         1344.6     28.3     37.7     48.2     52.4 read
  507.0s      206          292.2          336.3    226.5    243.3    251.7    251.7 update
  508.0s      206         1198.1         1344.3     28.3     35.7     39.8     52.4 read
  508.0s      206          291.0          336.2    226.5    243.3    243.3    251.7 update
  509.0s      206         1223.0         1344.1     28.3     32.5     41.9     52.4 read
  509.0s      206          285.0          336.1    226.5    234.9    243.3    251.7 update
  510.0s      206         1206.7         1343.8     28.3     31.5     37.7     52.4 read
  510.0s      206          294.7          336.0    226.5    234.9    243.3    251.7 update

_elapsed___errors_____ops(total)___ops/sec(cum)__avg(ms)__p50(ms)__p95(ms)__p99(ms)_pMax(ms)__total
  510.0s      206         685332         1343.8     25.9     28.3     37.7     54.5   2281.7  read

_elapsed___errors_____ops(total)___ops/sec(cum)__avg(ms)__p50(ms)__p95(ms)__p99(ms)_pMax(ms)__total
  510.0s      206         171356          336.0    189.7    218.1    243.3    260.0   1677.7  update

_elapsed___errors_____ops(total)___ops/sec(cum)__avg(ms)__p50(ms)__p95(ms)__p99(ms)_pMax(ms)__result
  510.0s      206         856688         1679.8     58.7     28.3    226.5    243.3   2281.7  
