I260923 21:06:21.666406 1 workload/cli/run.go:702  [-] 1  random seed: 42
I260923 21:06:21.666498 1 workload/cli/run.go:487  [-] 2  creating load generator...
I260923 21:06:21.847369 1 workload/cli/run.go:536  [-] 3  creating load generator... done (took 180.868772ms)
_elapsed___errors__ops/sec(inst)___ops/sec(cum)__p50(ms)__p95(ms)__p99(ms)_pMax(ms)
    1.0s        0          449.2          530.5      0.8      1.1      1.4      1.7 read
    1.0s        0           88.0          103.9     79.7    151.0    151.0    151.0 update
    2.0s        0          490.4          510.5      0.7      1.0      1.2      1.8 read
    2.0s        0          130.1          117.0     79.7     79.7     79.7     83.9 update
    3.0s        0          360.0          460.3      0.7      1.0      1.5      1.6 read
    3.0s        0           96.0          110.0     79.7    318.8    352.3    369.1 update
    4.0s        0          504.6          471.4      0.7      1.0      1.2      1.5 read
    4.0s        0          122.9          113.2     79.7     79.7     79.7     79.7 update
    5.0s        0          494.0          475.9      0.8      1.1      1.7      2.9 read
    5.0s        0          118.0          114.2     79.7    142.6    167.8    176.2 update
    6.0s        0          597.4          496.2      0.8      1.0      1.2      2.9 read
    6.0s        0          126.1          116.2     79.7     79.7     83.9     83.9 update
    7.0s        0          512.8          498.5      0.7      1.0      1.2      1.4 read
    7.0s        0          124.0          117.3     79.7     79.7     79.7     79.7 update
    8.0s        0          470.1          495.0      0.7      0.9      1.0      1.4 read
    8.0s        0          128.0          118.6     79.7     79.7     79.7     79.7 update
    9.0s        0          470.8          492.3      0.7      0.9      1.0      1.2 read
    9.0s        0          127.9          119.7     79.7     79.7     79.7     79.7 update
   10.0s        0          413.1          484.4      0.7      0.9      1.0      1.3 read
   10.0s        0          128.0          120.5     79.7     79.7     79.7     79.7 update
_elapsed___errors__ops/sec(inst)___ops/sec(cum)__p50(ms)__p95(ms)__p99(ms)_pMax(ms)
   11.0s        0          447.9          481.1      0.7      0.9      1.0      1.2 read
   11.0s        0          127.0          121.1     79.7     79.7     79.7     79.7 update
   12.0s        0          521.1          484.4      0.7      1.0      1.1      1.4 read
   12.0s        0          124.0          121.3     79.7     79.7     79.7     79.7 update
   13.0s        0          478.0          483.9      0.7      0.9      1.0      1.3 read
   13.0s        0          128.0          121.8     79.7     79.7     79.7     79.7 update
   14.0s        0          563.3          489.6      0.7      1.0      1.1      1.2 read
   14.0s        0          127.1          122.2     79.7     79.7     79.7     79.7 update
   15.0s        0          462.9          487.8      0.7      0.9      1.1      2.0 read
   15.0s        0          126.0          122.5     79.7     79.7     79.7     79.7 update
   16.0s        0          500.0          488.6      0.7      0.9      1.0      1.8 read
   16.0s        0          127.0          122.7     79.7     79.7     79.7     79.7 update
   17.0s        0          385.9          482.5      0.7      0.9      1.1      3.0 read
   17.0s        0          127.0          123.0     79.7     79.7     79.7     79.7 update
   18.0s        0          476.2          482.2      0.7      0.9      1.0      1.2 read
   18.0s        0          129.0          123.3     79.7     79.7     79.7     79.7 update
   19.0s        0          423.9          479.1      0.7      0.9      1.0      1.8 read
   19.0s        0          127.0          123.5     79.7     79.7     79.7     83.9 update
   20.0s        0          362.8          473.3      0.7      0.9      1.0      2.4 read
   20.0s        0          101.9          122.4     79.7     79.7     79.7     79.7 update
_elapsed___errors__ops/sec(inst)___ops/sec(cum)__p50(ms)__p95(ms)__p99(ms)_pMax(ms)
   21.0s        0            0.0          450.8      0.0      0.0      0.0      0.0 read
   21.0s        0            0.0          116.6      0.0      0.0      0.0      0.0 update
   22.0s        0            0.0          430.3      0.0      0.0      0.0      0.0 read
   22.0s        0            0.0          111.3      0.0      0.0      0.0      0.0 update
   23.0s        0            0.0          411.6      0.0      0.0      0.0      0.0 read
   23.0s        0            0.0          106.5      0.0      0.0      0.0      0.0 update
   24.0s        0            0.0          394.4      0.0      0.0      0.0      0.0 read
   24.0s        0            0.0          102.0      0.0      0.0      0.0      0.0 update
   25.0s        0            0.0          378.6      0.0      0.0      0.0      0.0 read
   25.0s        0            0.0           98.0      0.0      0.0      0.0      0.0 update
   26.0s        0            0.0          364.1      0.0      0.0      0.0      0.0 read
   26.0s        0            0.0           94.2      0.0      0.0      0.0      0.0 update
   27.0s        0            0.0          350.6      0.0      0.0      0.0      0.0 read
   27.0s        0            0.0           90.7      0.0      0.0      0.0      0.0 update
   28.0s        0            0.0          338.1      0.0      0.0      0.0      0.0 read
   28.0s        0            0.0           87.5      0.0      0.0      0.0      0.0 update
   29.0s        0            0.0          326.4      0.0      0.0      0.0      0.0 read
   29.0s        0            0.0           84.4      0.0      0.0      0.0      0.0 update
   30.0s        0            0.0          315.5      0.0      0.0      0.0      0.0 read
   30.0s        0            0.0           81.6      0.0      0.0      0.0      0.0 update
_elapsed___errors__ops/sec(inst)___ops/sec(cum)__p50(ms)__p95(ms)__p99(ms)_pMax(ms)
   31.0s        0            0.0          305.3      0.0      0.0      0.0      0.0 read
   31.0s        0            0.0           79.0      0.0      0.0      0.0      0.0 update
   32.0s        0            0.0          295.8      0.0      0.0      0.0      0.0 read
   32.0s        0            0.0           76.5      0.0      0.0      0.0      0.0 update
   33.0s        0            0.0          286.8      0.0      0.0      0.0      0.0 read
   33.0s        0            0.0           74.2      0.0      0.0      0.0      0.0 update
   34.0s        0            0.0          278.4      0.0      0.0      0.0      0.0 read
   34.0s        0            0.0           72.0      0.0      0.0      0.0      0.0 update
E260923 21:06:56.708144 1 workload/cli/run.go:624  [-] 4  FATAL: server conn crashed? (SQLSTATE 08P01)
   35.0s       10            0.0          270.4      0.0      0.0      0.0      0.0 read
   35.0s       10            0.0           70.0      0.0      0.0      0.0      0.0 update
   36.0s       10            0.0          262.9      0.0      0.0      0.0      0.0 read
   36.0s       10            0.0           68.0      0.0      0.0      0.0      0.0 update
   37.0s       10            0.0          255.8      0.0      0.0      0.0      0.0 read
   37.0s       10            0.0           66.2      0.0      0.0      0.0      0.0 update
   38.0s       10            0.0          249.1      0.0      0.0      0.0      0.0 read
   38.0s       10            0.0           64.4      0.0      0.0      0.0      0.0 update
   39.0s       10            0.0          242.7      0.0      0.0      0.0      0.0 read
   39.0s       10            0.0           62.8      0.0      0.0      0.0      0.0 update
   40.0s       10            0.0          236.6      0.0      0.0      0.0      0.0 read
   40.0s       10            0.0           61.2      0.0      0.0      0.0      0.0 update
_elapsed___errors__ops/sec(inst)___ops/sec(cum)__p50(ms)__p95(ms)__p99(ms)_pMax(ms)
   41.0s       10            0.0          230.9      0.0      0.0      0.0      0.0 read
   41.0s       10            0.0           59.7      0.0      0.0      0.0      0.0 update
   42.0s       10            0.0          225.4      0.0      0.0      0.0      0.0 read
   42.0s       10            0.0           58.3      0.0      0.0      0.0      0.0 update
   43.0s       10            0.0          220.1      0.0      0.0      0.0      0.0 read
   43.0s       10            0.0           57.0      0.0      0.0      0.0      0.0 update
   44.0s       10            0.0          215.1      0.0      0.0      0.0      0.0 read
   44.0s       10            0.0           55.7      0.0      0.0      0.0      0.0 update
   45.0s       10            0.0          210.4      0.0      0.0      0.0      0.0 read
   45.0s       10            0.0           54.4      0.0      0.0      0.0      0.0 update
   46.0s       10            0.0          205.8      0.0      0.0      0.0      0.0 read
   46.0s       10            0.0           53.2      0.0      0.0      0.0      0.0 update
   47.0s       10            0.0          201.4      0.0      0.0      0.0      0.0 read
   47.0s       10            0.0           52.1      0.0      0.0      0.0      0.0 update
   48.0s       10            0.0          197.2      0.0      0.0      0.0      0.0 read
   48.0s       10            0.0           51.0      0.0      0.0      0.0      0.0 update
   49.0s       10            0.0          193.2      0.0      0.0      0.0      0.0 read
   49.0s       10            0.0           50.0      0.0      0.0      0.0      0.0 update
   50.0s       10            0.0          189.3      0.0      0.0      0.0      0.0 read
   50.0s       10            0.0           49.0      0.0      0.0      0.0      0.0 update
_elapsed___errors__ops/sec(inst)___ops/sec(cum)__p50(ms)__p95(ms)__p99(ms)_pMax(ms)
   51.0s       10            0.0          185.6      0.0      0.0      0.0      0.0 read
   51.0s       10            0.0           48.0      0.0      0.0      0.0      0.0 update
   52.0s       10            0.0          182.0      0.0      0.0      0.0      0.0 read
   52.0s       10            0.0           47.1      0.0      0.0      0.0      0.0 update
   53.0s       10            0.0          178.6      0.0      0.0      0.0      0.0 read
   53.0s       10            0.0           46.2      0.0      0.0      0.0      0.0 update
   54.0s       10            0.0          175.3      0.0      0.0      0.0      0.0 read
   54.0s       10            0.0           45.4      0.0      0.0      0.0      0.0 update
   55.0s       10            0.0          172.1      0.0      0.0      0.0      0.0 read
   55.0s       10            0.0           44.5      0.0      0.0      0.0      0.0 update
   56.0s       10            0.0          169.0      0.0      0.0      0.0      0.0 read
   56.0s       10            0.0           43.7      0.0      0.0      0.0      0.0 update
   57.0s       10            0.0          166.1      0.0      0.0      0.0      0.0 read
   57.0s       10            0.0           43.0      0.0      0.0      0.0      0.0 update
   58.0s       10            0.0          163.2      0.0      0.0      0.0      0.0 read
   58.0s       10            0.0           42.2      0.0      0.0      0.0      0.0 update
   59.0s       10            0.0          160.4      0.0      0.0      0.0      0.0 read
   59.0s       10            0.0           41.5      0.0      0.0      0.0      0.0 update
   60.0s       10            0.0          157.8      0.0      0.0      0.0      0.0 read
   60.0s       10            0.0           40.8      0.0      0.0      0.0      0.0 update
_elapsed___errors__ops/sec(inst)___ops/sec(cum)__p50(ms)__p95(ms)__p99(ms)_pMax(ms)
   61.0s       10            0.0          155.2      0.0      0.0      0.0      0.0 read
   61.0s       10            0.0           40.1      0.0      0.0      0.0      0.0 update
   62.0s       10            0.0          152.7      0.0      0.0      0.0      0.0 read
   62.0s       10            0.0           39.5      0.0      0.0      0.0      0.0 update
   63.0s       10            0.0          150.3      0.0      0.0      0.0      0.0 read
   63.0s       10            0.0           38.9      0.0      0.0      0.0      0.0 update
   64.0s       10            0.0          147.9      0.0      0.0      0.0      0.0 read
   64.0s       10            0.0           38.3      0.0      0.0      0.0      0.0 update
   65.0s       10            0.0          145.6      0.0      0.0      0.0      0.0 read
   65.0s       10            0.0           37.7      0.0      0.0      0.0      0.0 update
   66.0s       10            0.0          143.4      0.0      0.0      0.0      0.0 read
   66.0s       10            0.0           37.1      0.0      0.0      0.0      0.0 update
   67.0s       10            1.0          141.3     75.5     75.5     75.5     75.5 read
   67.0s       10            0.0           36.6      0.0      0.0      0.0      0.0 update
   68.0s       10           27.0          139.6     71.3     71.3     75.5     75.5 read
   68.0s       10            4.0           36.1    234.9    234.9    234.9    234.9 update
   69.0s       10           58.0          138.4     71.3     71.3     71.3     88.1 read
   69.0s       10           12.0           35.7    226.5    234.9    234.9    234.9 update
   70.0s       10           81.1          137.6     71.3     71.3     71.3     71.3 read
   70.0s       10           20.0           35.5    234.9    234.9    234.9    234.9 update
_elapsed___errors__ops/sec(inst)___ops/sec(cum)__p50(ms)__p95(ms)__p99(ms)_pMax(ms)
   71.0s       10           90.0          136.9     71.3     71.3     71.3     71.3 read
   71.0s       10           17.0           35.2    226.5    234.9    234.9    234.9 update
   72.0s       10           72.0          136.0     71.3     71.3     71.3     71.3 read
   72.0s       10           19.0           35.0    234.9    234.9    234.9    234.9 update
   73.0s       10           89.0          135.4     71.3     71.3     71.3     71.3 read
   73.0s       10           20.0           34.8    234.9    234.9    234.9    234.9 update
   74.0s       10           70.9          134.5     71.3     71.3     71.3     71.3 read
   74.0s       10           22.0           34.6    226.5    234.9    234.9    234.9 update
   75.0s       10           72.1          133.7     71.3     71.3     71.3     71.3 read
   75.0s       10           21.0           34.5    234.9    234.9    234.9    234.9 update
   76.0s       10           59.0          132.7     71.3     71.3     71.3     71.3 read
   76.0s       10           27.0           34.4    226.5    234.9    234.9    234.9 update
   77.0s       10           81.0          132.0     71.3     71.3     71.3     71.3 read
   77.0s       10           20.0           34.2    226.5    234.9    234.9    234.9 update
   78.0s       10           89.0          131.5     71.3     71.3     71.3     71.3 read
   78.0s       10           18.0           34.0    226.5    234.9    234.9    234.9 update
   79.0s       10           77.0          130.8     71.3     71.3     71.3     71.3 read
   79.0s       10           19.0           33.8    234.9    234.9    234.9    234.9 update
   80.0s       10           48.0          129.8     71.3     75.5     79.7     79.7 read
   80.0s       10           16.0           33.5    369.1    671.1    704.6    704.6 update
_elapsed___errors__ops/sec(inst)___ops/sec(cum)__p50(ms)__p95(ms)__p99(ms)_pMax(ms)
   81.0s       10           95.0          129.3     71.3     71.3     75.5     75.5 read
   81.0s       10           16.0           33.3    234.9    234.9    234.9    234.9 update
   82.0s       10           82.0          128.8     71.3     71.3     71.3     71.3 read
   82.0s       10           17.0           33.1    234.9    234.9    234.9    234.9 update
   83.0s       10           72.9          128.1     71.3     71.3     71.3     71.3 read
   83.0s       10           22.0           33.0    234.9    234.9    234.9    234.9 update
   84.0s       10           79.0          127.5     71.3     71.3     71.3     75.5 read
   84.0s       10           20.0           32.8    234.9    234.9    234.9    234.9 update
   85.0s       10           75.0          126.9     71.3     71.3     75.5     75.5 read
   85.0s       10           21.0           32.7    234.9    234.9    234.9    234.9 update
   86.0s       10           85.1          126.4     71.3     71.3     71.3     71.3 read
   86.0s       10           17.0           32.5    234.9    234.9    234.9    234.9 update
   87.0s       10           76.9          125.8     71.3     71.3     71.3     71.3 read
   87.0s       10           20.0           32.4    234.9    234.9    234.9    234.9 update
   88.0s       10           85.0          125.4     71.3     71.3     71.3     75.5 read
   88.0s       10           18.0           32.2    234.9    234.9    234.9    234.9 update
   89.0s       10           82.0          124.9     71.3     75.5     75.5     83.9 read
   89.0s       10           18.0           32.1    234.9    234.9    234.9    234.9 update
   90.0s       10           59.0          124.1     71.3     75.5     75.5     75.5 read
   90.0s       10           24.0           32.0    234.9    234.9    234.9    234.9 update
_elapsed___errors__ops/sec(inst)___ops/sec(cum)__p50(ms)__p95(ms)__p99(ms)_pMax(ms)
   91.0s       10           88.0          123.7     71.3     75.5     75.5     79.7 read
   91.0s       10           18.0           31.8    234.9    234.9    234.9    234.9 update
   92.0s       10           67.0          123.1     71.3     75.5     79.7     79.7 read
   92.0s       10           22.0           31.7    234.9    234.9    243.3    243.3 update
   93.0s       10           77.0          122.6     71.3     75.5     75.5     75.5 read
   93.0s       10           22.0           31.6    234.9    234.9    234.9    234.9 update
   94.0s       10           75.0          122.1     71.3     75.5    104.9    104.9 read
   94.0s       10           21.0           31.5    234.9    268.4    268.4    268.4 update
   95.0s       10           90.1          121.8     71.3     75.5     75.5     75.5 read
   95.0s       10           13.0           31.3    234.9    234.9    234.9    234.9 update
   96.0s       10           76.9          121.3     71.3     75.5     75.5     79.7 read
   96.0s       10           19.0           31.2    234.9    234.9    234.9    234.9 update
   97.0s       10           83.0          120.9     71.3     75.5     75.5     79.7 read
   97.0s       10           17.0           31.0    234.9    234.9    243.3    243.3 update
   98.0s       10           65.0          120.4     71.3     75.5     75.5     83.9 read
   98.0s       10           27.0           31.0    234.9    234.9    234.9    234.9 update
   99.0s       10          104.0          120.2     71.3     75.5     92.3     92.3 read
   99.0s       10           12.0           30.8    234.9    234.9    234.9    234.9 update
  100.0s       10           78.0          119.8     71.3     75.5     75.5     83.9 read
  100.0s       10           18.0           30.7    234.9    234.9    234.9    234.9 update
_elapsed___errors__ops/sec(inst)___ops/sec(cum)__p50(ms)__p95(ms)__p99(ms)_pMax(ms)
  101.0s       10           84.1          119.4     71.3     75.5     75.5     79.7 read
  101.0s       10           17.0           30.5    234.9    234.9    234.9    234.9 update
  102.0s       10           72.0          119.0     71.3     75.5     79.7     83.9 read
  102.0s       10           23.0           30.5    234.9    234.9    234.9    234.9 update
  103.0s       10           71.9          118.5     71.3     71.3     71.3     71.3 read
  103.0s       10           20.0           30.3    234.9    234.9    234.9    234.9 update
  104.0s       10           82.0          118.1     71.3     71.3     71.3     71.3 read
  104.0s       10           19.0           30.2    234.9    234.9    234.9    234.9 update
  105.0s       10           68.0          117.7     71.3     71.3     71.3     71.3 read
  105.0s       10           21.0           30.2    234.9    385.9    436.2    436.2 update

_elapsed___errors_____ops(total)___ops/sec(cum)__avg(ms)__p50(ms)__p95(ms)__p99(ms)_pMax(ms)__total
  105.0s       10          12355          117.7     16.8      0.8     71.3     75.5    104.9  read

_elapsed___errors_____ops(total)___ops/sec(cum)__avg(ms)__p50(ms)__p95(ms)__p99(ms)_pMax(ms)__total
  105.0s       10           3166           30.2    114.3     79.7    234.9    243.3    704.6  update

_elapsed___errors_____ops(total)___ops/sec(cum)__avg(ms)__p50(ms)__p95(ms)__p99(ms)_pMax(ms)__result
  105.0s       10          15521          147.8     36.7      0.9     79.7    234.9    704.6  
